流id,流带宽，起始时间，发送时间
0,203,1658,20
1,91,2389,14
2,68,1154,9
3,381,2532,17
4,70,2465,10
5,189,2989,5
6,201,1933,36
7,347,1778,21
8,246,837,36
9,300,2135,17
10,224,57,6
11,20,2909,43
12,144,2506,32
13,52,2991,21
14,142,782,37
15,66,583,35
16,270,329,21
17,169,446,20
18,190,2894,8
19,300,2213,14
20,66,2406,19
21,314,2442,25
22,116,991,19
23,356,764,3
24,65,1065,31
25,96,2780,49
26,296,158,6
27,288,2799,26
28,130,1128,34
29,316,2783,38
30,358,1127,29
31,62,2626,45
32,269,1328,40
33,117,2404,41
34,158,995,2
35,210,479,46
36,51,698,22
37,132,412,10
38,293,185,37
39,33,2466,44
40,330,509,41
41,66,2359,8
42,330,1516,8
43,387,88,13
44,392,507,31
45,298,250,432
46,153,1743,40
47,351,286,15
48,112,1233,23
49,40,250,33
50,220,2443,7
51,394,816,17
52,377,1926,37
53,49,2755,14
54,195,2769,11
55,325,2168,17
56,26,1811,43
57,311,1931,44
58,202,2083,20
59,98,1591,43
60,254,2296,435
61,43,323,22
62,142,2229,18
63,167,1973,23
64,344,2758,23
65,178,2543,9
66,353,1589,48
67,118,330,1
68,142,2861,22
69,213,913,41
70,232,2909,44
71,310,129,26
72,383,1713,50
73,52,191,11
74,248,1061,45
75,329,2160,32
76,186,0,3
77,232,1278,30
78,62,770,36
79,225,2971,327
80,21,2779,27
81,21,874,1
82,70,2767,34
83,352,780,8
84,372,813,20
85,223,746,7
86,160,2570,318
87,88,1855,8
88,350,2677,34
89,162,1421,8
90,125,76,3
91,181,2789,17
92,379,1502,37
93,384,2488,42
94,242,2638,30
95,126,1525,35
96,24,1538,38
97,190,567,10
98,67,1382,24
99,38,1385,50
100,96,168,18
101,222,2389,19
102,78,2246,9
103,44,1958,47
104,393,1261,12
105,188,290,20
106,70,1225,27
107,192,2297,31
108,79,1407,8
109,39,2865,32
110,371,1236,22
111,309,637,11
112,53,1538,41
113,133,346,13
114,70,250,375
115,168,1613,36
116,319,1837,32
117,236,2926,44
118,153,342,24
119,240,2397,50
120,52,786,23
121,251,2875,2
122,274,2772,13
123,348,1630,17
124,94,172,14
125,213,428,13
126,73,1481,35
127,308,2442,32
128,236,1662,41
129,185,2134,32
130,363,2041,32
131,132,827,35
132,182,39,22
133,95,1318,3
134,99,1052,39
135,387,1552,38
136,63,2893,31
137,135,2115,3
138,27,534,3
139,96,1837,22
140,278,2687,30
141,37,1565,34
142,285,2350,6
143,238,2458,5
144,326,844,19
145,331,1711,31
146,356,2401,345
147,174,0,48
148,190,2076,37
149,175,268,32
150,51,1671,25
151,142,670,42
152,48,1175,47
153,92,147,31
154,61,2014,39
155,200,2758,45
156,258,1684,3
157,71,1583,30
158,30,1928,50
159,87,132,39
160,378,2580,21
161,119,2249,42
162,271,1570,50
163,378,454,4
164,192,1913,40
165,385,2664,8
166,85,2547,19
167,368,1587,19
168,116,497,34
169,210,156,26
170,343,780,30
171,268,308,3
172,361,1046,2
173,137,2331,37
174,277,382,50
175,279,2861,34
176,238,1250,8
177,73,2318,28
178,232,1702,5
179,248,639,47
180,35,1765,44
181,149,2034,21
182,82,321,23
183,196,1471,45
184,138,1424,336
185,93,1498,5
186,357,851,1
187,23,2759,47
188,32,1201,24
189,115,2477,15
190,196,1859,8
191,34,2897,17
192,262,852,24
193,345,1198,19
194,61,1339,12
195,177,420,35
196,84,640,25
197,144,912,21
198,169,969,49
199,43,1525,27
200,221,541,417
201,87,319,45
202,233,1721,20
203,172,582,38
204,147,2609,23
205,346,1821,41
206,229,2167,4
207,184,34,27
208,170,1807,14
209,75,1928,6
210,330,1134,8
211,248,2818,10
212,235,1633,12
213,252,1768,12
214,201,1394,34
215,64,1894,41
216,170,1979,49
217,336,7,45
218,172,1892,1
219,174,468,50
220,237,2233,39
221,67,2892,49
222,138,2777,32
223,163,2227,49
224,158,2588,2
225,151,2738,309
226,383,1631,34
227,149,1622,29
228,364,1449,19
229,38,802,39
230,293,288,17
231,147,1392,8
232,168,669,5
233,313,1158,34
234,292,2142,41
235,298,431,27
236,162,1652,48
237,310,1197,29
238,83,2575,9
239,225,2855,8
240,306,2420,30
241,343,2737,20
242,131,1936,48
243,276,1952,32
244,50,1303,32
245,273,1818,20
246,33,214,40
247,25,1455,31
248,61,2157,5
249,222,2811,48
250,79,26,24
251,347,2543,1
252,136,2865,19
253,167,576,49
254,255,783,7
255,106,2934,22
256,371,1354,27
257,382,1782,10
258,86,604,34
259,198,855,12
260,219,1592,28
261,244,2989,15
262,45,836,38
263,344,1590,3
264,49,346,12
265,139,2613,44
266,64,2501,20
267,165,2887,33
268,47,1446,27
269,360,2588,45
270,240,2656,36
271,150,2379,30
272,192,2884,31
273,46,1089,3
274,168,667,369
275,52,2681,1
276,331,1752,44
277,252,1624,36
278,72,789,22
279,185,2483,6
280,150,2195,30
281,117,118,34
282,288,1510,6
283,148,1416,13
284,174,2755,47
285,150,1278,34
286,142,1974,23
287,57,182,20
288,390,37,30
289,272,1794,4
290,63,1886,29
291,98,333,16
292,333,1695,14
293,221,315,28
294,270,161,12
295,200,901,9
296,305,1309,28
297,123,1169,40
298,246,2912,19
299,294,2105,39
300,138,2598,17
301,384,67,8
302,232,405,12
303,396,1018,14
304,294,2701,1
305,82,2110,28
306,80,1575,42
307,365,2312,23
308,358,2934,46
309,142,1155,15
310,365,265,34
311,341,1340,15
312,107,1967,19
313,278,562,1
314,345,1343,24
315,99,103,9
316,89,724,33
317,311,845,50
318,395,2849,14
319,216,541,15
320,87,1447,39
321,335,2576,32
322,203,106,34
323,26,2003,30
324,103,901,36
325,266,2706,32
326,60,2236,21
327,225,1061,9
328,169,2881,13
329,39,1573,4
330,147,1290,47
331,391,1405,29
332,153,2702,43
333,176,1409,43
334,296,69,23
335,97,238,47
336,341,1447,2
337,43,251,2
338,187,50,15
339,359,272,4
340,249,1731,9
341,179,1782,10
342,392,724,42
343,229,1673,375
344,396,1080,35
345,41,2812,46
346,219,2313,8
347,90,701,1
348,395,2547,43
349,188,2865,10
350,31,972,12
351,370,691,48
352,60,2299,11
353,337,1749,39
354,96,2574,30
355,149,2518,39
356,212,1393,48
357,274,111,41
358,363,367,23
359,279,617,30
360,227,1457,11
361,221,1382,18
362,167,60,20
363,292,2254,31
364,371,2336,36
365,389,156,30
366,273,491,26
367,398,209,2
368,368,140,17
369,168,2383,45
370,290,2810,49
371,148,2114,22
372,188,855,8
373,388,993,38
374,103,2182,44
375,24,626,22
376,99,2395,4
377,340,1411,24
378,226,1201,21
379,20,2460,28
380,246,576,37
381,389,515,366
382,151,1967,43
383,301,2507,13
384,291,1736,18
385,347,695,5
386,278,644,38
387,216,2589,35
388,165,1780,18
389,387,55,28
390,289,1148,17
391,117,2271,21
392,23,2890,28
393,358,2094,10
394,204,2872,37
395,230,1901,3
396,136,2607,40
397,101,64,24
398,201,2786,13
399,29,2571,45
400,312,2993,48
401,235,991,18
402,141,319,37
403,380,2923,29
404,245,411,13
405,222,267,28
406,202,1113,17
407,177,2497,21
408,148,123,396
409,217,830,49
410,340,1784,50
411,39,2756,25
412,311,2386,30
413,162,519,37
414,262,1343,2
415,61,2136,9
416,22,2318,23
417,76,284,13
418,42,2750,35
419,221,1288,2
420,160,513,49
421,324,1664,43
422,281,604,26
423,88,245,11
424,386,1969,46
425,286,2963,3
426,377,178,36
427,196,2585,25
428,306,2399,6
429,153,714,17
430,149,1343,45
431,99,1061,34
432,39,1838,36
433,348,2590,38
434,181,2098,3
435,253,293,13
436,287,2502,16
437,355,652,46
438,304,552,31
439,285,234,35
440,60,1406,1
441,200,425,28
442,213,2335,29
443,80,2098,24
444,113,557,363
445,331,512,2
446,350,791,3
447,219,254,45
448,384,213,39
449,229,688,23
450,329,221,29
451,364,2540,49
452,231,1268,37
453,155,740,2
454,203,780,25
455,199,394,8
456,335,87,12
457,185,2828,426
458,375,1869,36
459,46,2031,31
460,154,2193,26
461,69,113,42
462,70,328,22
463,284,1930,3
464,20,2562,19
465,300,1542,22
466,109,2850,10
467,144,651,41
468,267,2558,22
469,42,2563,44
470,164,927,16
471,200,1345,11
472,257,925,11
473,217,1488,37
474,103,2313,450
475,219,2390,1
476,29,2942,12
477,21,103,21
478,77,156,4
479,98,2347,40
480,33,2759,25
481,371,1715,28
482,90,1363,46
483,293,1491,33
484,228,1639,5
485,69,2318,43
486,261,1767,28
487,142,1563,15
488,317,2643,31
489,289,282,17
490,329,1522,405
491,141,2505,50
492,184,1131,3
493,293,1600,41
494,220,199,10
495,394,109,50
496,385,1610,28
497,102,1886,39
498,230,694,22
499,277,651,38
500,93,460,24
501,262,2574,23
502,47,2581,34
503,390,801,17
504,214,2390,21
505,302,2598,3
506,230,1766,3
507,126,1102,25
508,76,1420,9
509,35,2511,23
510,257,1763,37
511,382,311,42
512,237,2788,5
513,90,2231,47
514,104,693,10
515,89,934,2
516,396,2019,23
517,370,1179,46
518,154,485,27
519,276,648,22
520,94,1359,35
521,304,1540,48
522,197,1250,16
523,176,1598,31
524,369,1679,27
525,318,630,330
526,284,2439,41
527,351,437,45
528,349,2859,14
529,156,2470,33
530,106,2820,47
531,25,1539,6
532,266,472,24
533,251,1303,7
534,149,1511,38
535,137,2730,32
536,59,651,36
537,349,2080,11
538,331,683,34
539,382,2706,14
540,30,2800,26
541,107,2406,9
542,212,1806,37
543,227,355,42
544,253,1370,15
545,72,160,31
546,302,1100,33
547,155,2641,26
548,206,741,15
549,93,653,20
550,264,1871,5
551,304,1610,37
552,137,377,17
553,204,454,19
554,49,385,9
555,306,2726,9
556,227,813,1
557,328,2286,45
558,74,2008,46
559,195,1937,36
560,143,399,432
561,160,928,32
562,201,920,1
563,59,2084,22
564,135,1248,37
565,94,1505,25
566,400,948,19
567,203,1970,43
568,86,1158,25
569,276,489,26
570,383,1929,15
571,241,1531,41
572,385,1136,23
573,169,1159,7
574,196,494,29
575,193,997,48
576,368,2045,15
577,282,1572,25
578,132,1891,37
579,179,2767,26
580,285,1993,15
581,261,2801,1
582,240,1299,26
583,40,199,37
584,122,1665,6
585,77,2971,21
586,34,740,45
587,215,957,309
588,79,2189,1
589,61,2476,39
590,286,1909,339
591,294,2545,27
592,232,725,15
593,243,1564,393
594,41,860,25
595,318,2522,18
596,192,1421,46
597,88,2773,30
598,148,2440,34
599,159,422,46
600,337,98,45
601,126,2698,9
602,123,2347,43
603,81,1725,33
604,263,2292,7
605,260,510,33
606,193,731,30
607,213,527,27
608,191,321,37
609,199,956,30
610,32,1968,50
611,302,1830,441
612,248,1658,49
613,149,917,28
614,136,1954,31
615,354,1805,19
616,287,1991,39
617,173,2803,6
618,82,2120,41
619,38,241,10
620,259,1369,40
621,230,1598,44
622,220,2032,13
623,369,193,50
624,187,2133,13
625,384,750,34
626,97,2435,38
627,272,2594,45
628,326,2716,37
629,269,1807,3
630,394,2473,21
631,51,804,1
632,365,549,16
633,370,2498,15
634,237,446,49
635,369,2644,41
636,118,1385,32
637,202,668,24
638,244,2938,29
639,54,2716,21
640,78,600,15
641,382,638,26
642,380,2214,14
643,126,190,2
644,311,358,27
645,344,1685,35
646,291,16,43
647,214,2633,32
648,60,2227,35
649,27,2477,47
650,204,835,27
651,31,1278,6
652,321,979,40
653,258,2099,24
654,248,1058,8
655,216,1140,15
656,322,2075,22
657,99,1080,6
658,308,1292,41
659,265,1986,5
660,393,1780,21
661,330,99,8
662,92,2721,9
663,240,127,8
664,159,1015,3
665,196,1082,25
666,346,1194,24
667,297,776,48
668,302,244,22
669,31,57,11
670,90,2609,17
671,307,1409,7
672,148,1710,49
673,58,2336,7
674,37,2401,9
675,69,2130,15
676,110,2284,46
677,224,2841,43
678,244,824,39
679,389,1427,11
680,130,1427,36
681,161,1907,21
682,20,2298,43
683,177,341,43
684,63,2893,21
685,78,2505,1
686,123,681,46
687,249,2100,36
688,292,364,27
689,323,1675,8
690,171,1896,21
691,364,987,41
692,31,2862,19
693,59,33,41
694,300,2708,21
695,382,2676,19
696,91,1019,45
697,218,1063,39
698,135,1714,18
699,270,1038,21
700,236,1838,46
701,46,1533,11
702,216,946,46
703,177,125,16
704,244,403,12
705,289,62,49
706,146,1695,8
707,226,2047,19
708,49,1767,31
709,202,672,46
710,133,829,16
711,302,1232,10
712,112,1025,35
713,381,952,47
714,306,642,16
715,106,527,38
716,173,1015,34
717,389,2903,444
718,230,1887,13
719,218,687,25
720,289,870,25
721,64,2020,7
722,25,2182,1
723,250,995,48
724,196,2761,18
725,391,2710,26
726,320,313,49
727,43,993,48
728,374,219,33
729,383,1827,16
730,340,2709,9
731,326,2087,357
732,203,605,23
733,348,1503,20
734,31,2819,17
735,331,1963,47
736,174,1625,22
737,171,1803,9
738,346,2871,22
739,316,2470,25
740,172,1643,45
741,140,2763,49
742,155,773,28
743,91,2106,11
744,292,2446,34
745,194,2073,42
746,253,1060,28
747,393,2664,34
748,373,795,17
749,325,281,2
750,130,422,351
751,358,757,40
752,24,1476,40
753,30,2762,429
754,140,2488,11
755,205,1609,32
756,241,1452,6
757,108,472,45
758,159,58,39
759,216,1445,48
760,111,806,21
761,333,2032,43
762,320,2422,33
763,47,2570,345
764,350,1786,39
765,277,2652,42
766,189,349,27
767,116,2592,41
768,90,2926,4
769,160,1294,43
770,189,1990,31
771,254,1104,42
772,152,653,7
773,331,2289,46
774,101,1834,27
775,84,2488,27
776,77,2810,43
777,115,2394,50
778,393,1975,19
779,237,409,44
780,76,1074,18
781,294,2602,23
782,331,306,1
783,82,60,50
784,266,1671,25
785,91,110,21
786,349,348,45
787,44,2372,48
788,44,857,27
789,306,2453,26
790,228,2994,46
791,400,1657,35
792,307,1825,35
793,321,520,42
794,260,689,6
795,128,1178,18
796,345,1651,432
797,55,211,34
798,99,42,41
799,88,576,49
800,399,469,366
801,316,1324,10
802,126,256,6
803,369,1039,29
804,289,1987,31
805,244,345,6
806,297,1571,50
807,285,1966,36
808,349,303,15
809,95,1636,33
810,37,288,10
811,79,1573,42
812,157,2720,5
813,360,2315,20
814,322,2977,31
815,338,1307,48
816,138,1911,33
817,216,2056,3
818,23,1499,22
819,263,1023,37
820,336,454,24
821,285,998,35
822,311,2079,8
823,112,1469,3
824,267,1396,18
825,140,1716,1
826,400,2680,42
827,391,2970,23
828,398,658,3
829,104,1967,34
830,370,1578,45
831,33,2376,31
832,327,2896,30
833,246,2747,12
834,240,1291,38
835,93,2326,50
836,141,2098,28
837,143,1509,25
838,294,865,17
839,141,2404,24
840,344,2454,22
841,93,599,21
842,294,1051,36
843,78,2886,46
844,374,1830,31
845,329,743,39
846,296,1020,46
847,219,2034,14
848,201,1119,33
849,30,1665,21
850,329,177,13
851,61,669,36
852,372,1027,33
853,364,1992,27
854,47,2867,45
855,101,471,4
856,306,1090,40
857,232,1794,20
858,366,1973,24
859,341,367,47
860,357,373,399
861,395,2386,33
862,140,2443,7
863,68,82,3
864,321,2990,20
865,314,1603,46
866,162,2503,34
867,322,1210,11
868,136,925,9
869,175,1056,32
870,158,595,48
871,359,837,6
872,321,1666,12
873,357,70,23
874,399,1965,44
875,378,1109,6
876,326,2531,45
877,126,903,1
878,234,2365,432
879,295,520,10
880,132,168,33
881,182,2743,12
882,352,2720,29
883,365,2610,47
884,199,2897,13
885,295,2007,18
886,166,2411,19
887,109,2262,26
888,353,1538,8
889,386,389,34
890,153,1887,10
891,110,2196,13
892,187,280,17
893,196,1540,33
894,216,1597,48
895,383,2251,9
896,97,2918,35
897,335,2687,3
898,314,1817,34
899,124,1703,14
900,294,1603,6
901,364,1647,8
902,105,1911,48
903,143,132,13
904,228,389,39
905,289,285,36
906,66,813,14
907,86,784,7
908,315,2473,13
909,240,2129,41
910,154,2460,26
911,342,2755,31
912,196,2469,2
913,37,843,45
914,285,809,29
915,93,2793,342
916,66,969,30
917,168,2475,18
918,388,1606,22
919,363,2720,46
920,274,363,40
921,354,1517,40
922,229,361,15
923,164,983,2
924,209,589,34
925,280,2773,10
926,391,1316,21
927,122,309,24
928,237,1209,34
929,213,2666,47
930,245,1616,3
931,358,315,19
932,328,635,34
933,319,2004,23
934,155,608,37
935,91,866,8
936,111,1808,35
937,260,156,20
938,207,2346,6
939,273,2651,7
940,35,1006,34
941,64,2910,44
942,319,1907,17
943,212,1052,45
944,82,665,16
945,285,2780,38
946,341,654,32
947,93,996,1
948,93,2895,39
949,323,2608,10
950,74,2542,12
951,338,1144,7
952,152,1916,37
953,382,2368,27
954,50,306,10
955,346,1421,22
956,171,1670,375
957,65,2674,16
958,146,2427,47
959,183,2141,14
960,235,43,49
961,86,2368,34
962,311,2911,22
963,122,2686,35
964,352,1221,7
965,351,2603,18
966,63,1072,50
967,33,1507,10
968,46,1582,42
969,166,2586,50
970,237,2090,40
971,400,1917,40
972,23,2119,13
973,382,1092,7
974,261,1053,13
975,87,1084,33
976,108,2493,32
977,193,2842,1
978,75,1071,46
979,178,2693,2
980,118,1321,40
981,85,1353,27
982,203,2625,8
983,108,2953,31
984,243,2814,23
985,74,1679,24
986,87,359,36
987,378,393,1
988,141,1582,42
989,69,1610,41
990,171,1727,4
991,162,2460,11
992,362,2157,8
993,93,2776,366
994,192,6,6
995,211,1852,13
996,153,2742,37
997,224,2235,11
998,74,60,321
999,179,1350,47
1000,174,2231,8
1001,335,378,7
1002,145,1182,48
1003,247,455,44
1004,152,678,11
1005,380,2843,11
1006,213,2338,2
1007,178,66,8
1008,215,339,41
1009,216,854,17
1010,324,940,30
1011,115,2067,36
1012,321,1742,423
1013,165,1724,39
1014,262,1420,33
1015,259,2575,49
1016,159,2940,17
1017,256,670,12
1018,210,1325,426
1019,379,1942,40
1020,30,1172,44
1021,284,417,30
1022,378,746,13
1023,88,2464,22
1024,259,134,32
1025,121,1805,372
1026,271,2322,14
1027,388,538,43
1028,303,2125,45
1029,126,1658,40
1030,298,322,384
1031,195,1954,46
1032,171,11,13
1033,283,1715,29
1034,39,2873,19
1035,349,352,23
1036,350,1689,25
1037,138,2849,49
1038,303,1159,32
1039,345,2,41
1040,98,1181,44
1041,222,1634,44
1042,389,2925,50
1043,300,2460,20
1044,319,1514,20
1045,197,2647,50
1046,245,152,28
1047,136,1271,5
1048,32,1357,15
1049,113,2559,22
1050,70,2036,5
1051,137,725,39
1052,354,2658,336
1053,365,2130,44
1054,223,1767,12
1055,39,1803,20
1056,74,652,31
1057,395,2707,8
1058,174,1158,47
1059,156,1602,3
1060,54,1359,49
1061,384,245,49
1062,344,1203,15
1063,213,1267,36
1064,41,278,28
1065,170,374,372
1066,36,1264,312
1067,324,2558,3
1068,61,693,31
1069,400,2398,327
1070,59,2296,9
1071,358,2904,5
1072,269,474,13
1073,262,1772,6
1074,392,2939,29
1075,90,688,35
1076,281,1525,47
1077,279,532,6
1078,147,143,47
1079,210,386,47
1080,377,2165,21
1081,177,2342,35
1082,66,991,37
1083,206,624,39
1084,211,1161,23
1085,93,85,303
1086,374,1055,48
1087,115,858,42
1088,267,474,32
1089,153,2730,9
1090,356,568,3
1091,122,1438,48
1092,273,2591,7
1093,184,592,41
1094,336,776,41
1095,200,2747,45
1096,160,1635,50
1097,36,1588,36
1098,221,2612,22
1099,294,138,49
1100,154,1106,50
1101,390,191,48
1102,233,325,22
1103,156,31,50
1104,382,928,42
1105,288,734,17
1106,274,2596,8
1107,323,816,37
1108,375,302,27
1109,22,2778,3
1110,188,123,39
1111,318,704,26
1112,349,2247,13
1113,252,2224,49
1114,323,2239,43
1115,206,2535,22
1116,234,479,450
1117,136,1489,12
1118,345,2958,44
1119,327,2969,41
1120,334,60,43
1121,220,2024,27
1122,239,662,10
1123,388,1561,29
1124,149,2633,48
1125,311,258,45
1126,114,9,20
1127,110,404,10
1128,350,1629,17
1129,392,1725,21
1130,81,1738,32
1131,151,1027,39
1132,212,1034,47
1133,275,2490,399
1134,123,2646,33
1135,355,1728,18
1136,31,1665,47
1137,162,1697,36
1138,272,2918,2
1139,199,2780,25
1140,247,2249,31
1141,380,2276,48
1142,320,1945,38
1143,127,102,39
1144,132,1261,28
1145,330,398,11
1146,274,1856,41
1147,99,1292,29
1148,194,2001,17
1149,134,2905,34
1150,155,183,24
1151,324,1613,35
1152,278,394,20
1153,194,572,10
1154,270,796,3
1155,288,1928,5
1156,258,207,9
1157,152,2306,9
1158,86,331,20
1159,188,1916,24
1160,366,422,7
1161,177,450,20
1162,23,2376,24
1163,227,2691,49
1164,66,1657,41
1165,241,1711,18
1166,94,2741,32
1167,237,1758,14
1168,157,2572,50
1169,184,293,9
1170,195,1486,19
1171,85,1007,11
1172,274,2887,22
1173,320,632,7
1174,182,2476,29
1175,181,713,6
1176,359,668,18
1177,213,2921,8
1178,178,1319,49
1179,116,1365,447
1180,347,2696,42
1181,101,764,11
1182,385,1946,16
1183,74,2144,17
1184,65,208,25
1185,359,1601,30
1186,49,576,46
1187,81,463,10
1188,164,1655,39
1189,71,335,37
1190,226,888,48
1191,379,704,34
1192,340,1092,49
1193,153,715,42
1194,63,725,11
1195,203,865,41
1196,357,2767,48
1197,237,371,22
1198,91,1238,30
1199,135,1430,12
1200,245,946,5
1201,135,1778,7
1202,122,495,21
1203,181,970,40
1204,321,2704,32
1205,359,2611,31
1206,29,1105,50
1207,112,2551,44
1208,300,1112,13
1209,245,2904,8
1210,253,712,8
1211,333,2171,34
1212,357,2305,35
1213,331,1539,27
1214,273,1383,15
1215,397,593,34
1216,91,106,48
1217,29,5,6
1218,48,566,49
1219,119,1315,20
1220,137,256,44
1221,204,2998,12
1222,337,1568,42
1223,127,2779,24
1224,325,1606,47
1225,248,913,411
1226,122,44,27
1227,86,259,38
1228,170,1296,49
1229,231,1853,22
1230,284,2011,22
1231,190,1246,29
1232,226,1643,43
1233,129,1148,435
1234,172,2923,30
1235,398,1651,28
1236,264,2795,9
1237,118,779,11
1238,279,319,18
1239,358,670,38
1240,147,1986,8
1241,47,1777,12
1242,397,2113,3
1243,68,368,48
1244,308,2421,9
1245,207,859,42
1246,270,409,7
1247,287,514,22
1248,325,832,39
1249,166,2335,29
1250,68,390,9
1251,111,772,46
1252,366,2817,18
1253,383,1329,11
1254,66,1376,35
1255,116,1623,1
1256,189,1406,28
1257,188,1750,38
1258,272,268,31
1259,385,1216,16
1260,106,241,23
1261,254,367,36
1262,101,25,40
1263,310,578,48
1264,252,1383,44
1265,159,2839,5
1266,227,1917,19
1267,87,97,30
1268,330,1231,22
1269,23,637,32
1270,232,2494,21
1271,315,109,20
1272,282,641,6
1273,90,1854,35
1274,374,1720,22
1275,106,2300,24
1276,77,337,6
1277,355,828,31
1278,188,784,2
1279,149,1082,23
1280,39,1814,34
1281,134,1276,29
1282,325,1940,1
1283,192,2988,26
1284,170,878,37
1285,386,666,12
1286,200,1151,13
1287,150,1548,10
1288,227,2911,40
1289,115,113,43
1290,59,1598,27
1291,294,2771,37
1292,400,276,14
1293,331,1854,36
1294,101,401,50
1295,44,2480,38
1296,129,1793,50
1297,57,2198,4
1298,324,68,42
1299,357,770,11
1300,314,816,34
1301,210,2326,6
1302,191,2233,1
1303,135,2685,20
1304,313,2378,360
1305,188,1690,23
1306,71,1146,50
1307,200,1230,37
1308,348,157,441
1309,241,2445,378
1310,258,956,28
1311,373,1203,1
1312,54,2346,30
1313,362,2653,450
1314,221,179,6
1315,395,1571,39
1316,75,900,42
1317,227,122,3
1318,33,1159,11
1319,235,2746,21
1320,202,2124,13
1321,36,2440,16
1322,342,1700,32
1323,254,195,13
1324,120,2981,12
1325,81,869,3
1326,188,1202,49
1327,315,1248,10
1328,48,2951,27
1329,311,1567,8
1330,133,2038,11
1331,85,1679,49
1332,338,2294,41
1333,349,2821,24
1334,130,2526,34
1335,134,2101,26
1336,296,2341,47
1337,175,454,10
1338,87,115,21
1339,336,2536,41
1340,151,736,35
1341,207,54,49
1342,130,564,3
1343,333,2929,29
1344,50,1106,50
1345,118,1020,38
1346,375,1381,43
1347,170,1098,32
1348,75,238,17
1349,194,1471,19
1350,116,952,16
1351,293,2805,25
1352,197,1029,43
1353,362,1600,2
1354,370,179,35
1355,122,448,17
1356,63,2093,20
1357,365,428,33
1358,95,2264,23
1359,398,499,19
1360,170,1207,12
1361,373,1012,35
1362,118,985,5
1363,187,1467,28
1364,341,423,9
1365,52,1438,33
1366,266,1887,26
1367,267,1306,40
1368,230,577,19
1369,323,2826,5
1370,77,727,5
1371,340,1613,15
1372,318,439,28
1373,309,1209,35
1374,231,200,26
1375,145,2145,24
1376,75,667,42
1377,94,477,35
1378,281,1212,23
1379,96,1008,28
1380,194,2450,39
1381,31,742,49
1382,282,1371,10
1383,72,1288,39
1384,369,2301,7
1385,377,1955,34
1386,335,2021,19
1387,344,371,14
1388,383,1654,17
1389,194,1392,15
1390,378,1066,47
1391,39,271,29
1392,382,2750,7
1393,150,1151,49
1394,395,1817,2
1395,200,1316,41
1396,387,2993,24
1397,221,1536,339
1398,177,2574,38
1399,299,1640,417
1400,242,486,21
1401,45,587,6
1402,120,2688,36
1403,309,2683,24
1404,361,339,49
1405,344,1773,21
1406,30,2851,41
1407,343,266,30
1408,391,1562,14
1409,21,1855,1
1410,45,682,37
1411,47,376,24
1412,274,2735,15
1413,211,1045,20
1414,355,2681,35
1415,278,2861,32
1416,399,204,16
1417,91,872,15
1418,306,432,3
1419,334,374,38
1420,250,1776,30
1421,335,1619,1
1422,183,2604,34
1423,84,2880,34
1424,170,2501,20
1425,287,2755,26
1426,310,205,30
1427,305,1013,26
1428,81,2713,20
1429,150,1286,37
1430,251,2851,33
1431,179,1829,7
1432,386,1321,45
1433,23,1784,22
1434,321,444,46
1435,312,431,36
1436,29,2757,429
1437,256,74,20
1438,30,451,34
1439,160,2046,48
1440,155,2108,20
1441,328,822,48
1442,189,1830,31
1443,328,61,49
1444,74,2461,50
1445,98,1399,45
1446,198,1576,30
1447,133,1140,40
1448,252,2906,12
1449,68,1910,17
1450,303,340,44
1451,204,213,50
1452,216,1361,24
1453,165,2745,22
1454,278,1950,3
1455,337,1240,21
1456,198,2567,21
1457,108,81,29
1458,375,1470,40
1459,248,1083,396
1460,139,646,16
1461,214,464,42
1462,326,1823,25
1463,367,150,21
1464,128,51,30
1465,72,2853,12
1466,224,2848,50
1467,73,2301,4
1468,151,561,312
1469,317,1733,34
1470,266,1166,5
1471,191,2393,22
1472,286,947,4
1473,382,975,29
1474,183,73,44
1475,386,174,34
1476,35,467,36
1477,386,2207,21
1478,296,987,37
1479,248,2022,28
1480,204,1075,12
1481,194,2766,19
1482,220,2565,18
1483,368,22,4
1484,189,410,9
1485,41,2309,333
1486,99,2186,11
1487,300,321,9
1488,29,764,27
1489,308,1512,19
1490,25,65,16
1491,208,1505,50
1492,366,1402,6
1493,53,2807,24
1494,314,1677,13
1495,288,1033,10
1496,278,759,39
1497,318,456,21
1498,69,2292,41
1499,150,2525,11
1500,114,1916,17
1501,69,1617,27
1502,111,1299,10
1503,61,1376,29
1504,359,1532,24
1505,125,1441,10
1506,255,818,11
1507,320,2435,28
1508,20,2880,16
1509,245,1497,9
1510,46,1675,37
1511,373,1590,19
1512,383,816,384
1513,334,2512,15
1514,237,1986,32
1515,178,1651,26
1516,82,721,11
1517,101,2064,40
1518,387,2356,25
1519,254,515,351
1520,280,1284,31
1521,34,897,20
1522,158,2011,45
1523,166,847,372
1524,136,2553,28
1525,218,27,15
1526,345,545,17
1527,84,2364,36
1528,398,1598,37
1529,260,1967,24
1530,35,2509,46
1531,236,2454,26
1532,168,1413,20
1533,383,2042,17
1534,123,2451,16
1535,253,2837,12
1536,229,154,48
1537,373,829,34
1538,158,1742,7
1539,127,667,10
1540,197,1258,9
1541,101,856,37
1542,149,245,7
1543,115,2354,19
1544,210,250,18
1545,191,441,27
1546,288,2922,39
1547,304,2562,17
1548,194,2283,4
1549,267,2984,28
1550,137,1300,43
1551,361,488,28
1552,299,342,38
1553,40,1408,47
1554,206,37,9
1555,284,115,24
1556,296,2426,38
1557,336,2921,8
1558,185,2268,13
1559,93,2631,36
1560,346,168,6
1561,311,1451,14
1562,230,2845,42
1563,72,848,22
1564,90,2972,49
1565,396,1119,16
1566,242,701,14
1567,287,815,342
1568,130,1149,27
1569,335,2087,7
1570,148,1486,41
1571,316,2086,15
1572,309,868,37
1573,241,2707,7
1574,39,2624,7
1575,78,409,21
1576,143,2545,19
1577,69,1241,37
1578,186,1603,31
1579,90,921,9
1580,47,162,46
1581,302,1915,31
1582,131,963,28
1583,109,2552,7
1584,249,2933,19
1585,263,1846,13
1586,251,1072,31
1587,129,2740,11
1588,240,2334,26
1589,87,1073,25
1590,270,2969,39
1591,196,450,16
1592,23,2794,37
1593,222,1251,29
1594,181,920,19
1595,238,100,24
1596,312,2994,49
1597,44,2560,408
1598,173,218,27
1599,33,1855,22
1600,235,2276,25
1601,193,1120,48
1602,354,182,4
1603,80,2761,49
1604,27,2541,45
1605,70,2581,34
1606,37,2346,49
1607,230,869,38
1608,112,1145,7
1609,142,498,10
1610,153,947,31
1611,287,1638,14
1612,136,2170,32
1613,357,532,26
1614,136,1876,5
1615,364,485,10
1616,331,2010,27
1617,302,786,36
1618,99,2856,43
1619,313,2869,32
1620,217,568,4
1621,253,2387,31
1622,190,2442,48
1623,52,2621,35
1624,141,1224,35
1625,142,1392,47
1626,169,2094,28
1627,183,1558,21
1628,173,850,7
1629,229,799,7
1630,128,2186,11
1631,160,1713,30
1632,53,2141,24
1633,367,2397,31
1634,81,396,11
1635,24,2146,18
1636,32,1598,26
1637,50,2473,11
1638,238,1703,28
1639,156,2955,25
1640,322,1939,43
1641,97,58,6
1642,104,2524,36
1643,91,2969,22
1644,269,2071,19
1645,157,1010,41
1646,146,602,40
1647,34,550,1
1648,392,1809,18
1649,258,2154,2
1650,105,2522,50
1651,24,157,11
1652,66,2136,26
1653,256,1283,2
1654,152,2950,33
1655,250,1544,4
1656,343,2000,11
1657,68,450,35
1658,384,2144,14
1659,161,2290,26
1660,50,945,48
1661,64,1305,44
1662,114,2893,39
1663,31,440,30
1664,242,1958,23
1665,289,709,3
1666,385,722,11
1667,121,2885,50
1668,316,1231,39
1669,32,209,4
1670,209,2344,50
1671,333,1055,30
1672,189,1155,18
1673,349,1533,9
1674,395,1806,35
1675,193,398,10
1676,148,1699,14
1677,201,2967,23
1678,25,1040,33
1679,235,2128,5
1680,383,2708,8
1681,71,1722,30
1682,95,2957,30
1683,229,1564,48
1684,237,2299,3
1685,62,1140,19
1686,299,2599,37
1687,306,1284,39
1688,42,2727,43
1689,390,901,29
1690,89,2577,33
1691,388,2268,35
1692,125,806,19
1693,207,1086,4
1694,216,2847,47
1695,339,538,3
1696,170,1230,14
1697,243,13,3
1698,374,2254,435
1699,207,682,44
1700,157,1716,15
1701,309,1644,33
1702,187,635,47
1703,221,880,43
1704,119,1538,18
1705,141,2064,46
1706,38,2326,38
1707,163,2012,16
1708,138,658,12
1709,222,178,6
1710,34,1627,28
1711,383,596,40
1712,310,1263,42
1713,215,835,20
1714,372,462,40
1715,254,1428,6
1716,317,1489,15
1717,357,181,7
1718,168,1888,13
1719,54,405,450
1720,122,2746,39
1721,305,2028,14
1722,285,2773,47
1723,22,1936,11
1724,231,2149,30
1725,395,2564,45
1726,333,733,6
1727,118,1393,30
1728,234,2921,32
1729,169,208,11
1730,243,2204,19
1731,272,2416,1
1732,389,281,31
1733,207,1912,44
1734,353,1965,40
1735,234,1262,14
1736,350,1897,23
1737,266,592,50
1738,351,1479,5
1739,89,2315,14
1740,355,2724,34
1741,22,332,12
1742,364,2288,38
1743,304,2830,35
1744,22,1977,18
1745,174,2629,28
1746,36,1790,4
1747,353,189,16
1748,260,375,3
1749,156,2445,14
1750,330,74,12
1751,148,193,315
1752,101,596,29
1753,132,888,16
1754,51,2209,429
1755,97,1839,32
1756,357,2645,5
1757,346,2441,4
1758,155,935,26
1759,71,39,32
1760,209,2275,10
1761,287,2969,21
1762,367,2687,13
1763,128,2510,40
1764,288,2298,33
1765,201,1015,11
1766,232,275,7
1767,291,1734,33
1768,223,626,8
1769,229,493,12
1770,159,2289,2
1771,395,2700,48
1772,28,1291,16
1773,139,226,309
1774,396,1341,8
1775,165,2662,45
1776,74,1048,30
1777,158,1733,15
1778,368,2420,39
1779,80,453,9
1780,156,1516,24
1781,229,1497,4
1782,23,1193,24
1783,132,564,32
1784,197,837,5
1785,102,2186,43
1786,139,720,41
1787,381,2266,6
1788,214,2051,49
1789,130,239,41
1790,123,1891,38
1791,246,1913,33
1792,180,805,23
1793,328,1398,46
1794,351,2534,2
1795,219,2986,7
1796,87,1729,24
1797,382,1529,25
1798,375,2290,19
1799,55,2741,13
1800,118,1542,14
1801,353,199,22
1802,329,258,7
1803,206,2246,40
1804,256,625,11
1805,168,1700,22
1806,107,1319,28
1807,359,1849,44
1808,296,1900,9
1809,82,2579,23
1810,376,122,46
1811,124,1463,21
1812,205,500,46
1813,377,2519,4
1814,347,1793,41
1815,252,2505,345
1816,58,1949,5
1817,326,838,14
1818,23,810,23
1819,367,1216,45
1820,50,39,22
1821,60,1411,11
1822,374,2730,28
1823,263,595,43
1824,180,2198,43
1825,62,55,372
1826,23,1906,32
1827,365,1013,34
1828,229,445,25
1829,310,521,31
1830,22,1244,37
1831,131,2176,3
1832,256,680,39
1833,25,730,29
1834,280,2069,50
1835,157,1927,32
1836,193,2679,49
1837,354,2519,40
1838,107,2592,7
1839,389,2356,44
1840,268,2686,3
1841,135,1964,18
1842,397,191,3
1843,140,1340,25
1844,293,2482,414
1845,191,2570,13
1846,170,795,45
1847,113,2185,35
1848,378,1789,40
1849,52,1049,25
1850,96,2525,24
1851,270,2769,27
1852,202,427,17
1853,202,1503,50
1854,23,1685,43
1855,129,853,30
1856,212,378,363
1857,237,1714,14
1858,394,1017,42
1859,234,2851,42
1860,126,1303,324
1861,129,2601,20
1862,101,1236,6
1863,242,964,37
1864,100,2611,21
1865,272,984,42
1866,268,28,49
1867,21,2626,40
1868,157,1260,29
1869,91,809,33
1870,176,2573,44
1871,185,556,12
1872,199,1652,46
1873,110,1847,31
1874,155,2435,30
1875,271,1718,42
1876,195,252,22
1877,273,2563,4
1878,244,1494,42
1879,293,275,6
1880,339,1160,42
1881,351,1787,22
1882,367,1864,8
1883,299,1830,42
1884,199,134,26
1885,31,2611,1
1886,333,2424,31
1887,387,1743,15
1888,294,241,20
1889,131,797,39
1890,227,2806,8
1891,154,483,36
1892,251,1305,22
1893,96,2807,47
1894,326,2082,414
1895,228,2668,39
1896,334,1025,31
1897,170,2180,44
1898,271,664,16
1899,158,994,16
1900,386,1415,13
1901,216,1335,10
1902,334,793,49
1903,103,2472,14
1904,334,1991,45
1905,385,325,48
1906,47,1260,14
1907,168,1430,6
1908,161,1277,32
1909,210,911,44
1910,340,2175,39
1911,80,1329,26
1912,337,2191,50
1913,216,1945,40
1914,293,2157,23
1915,58,611,44
1916,42,628,6
1917,355,2833,42
1918,219,2070,23
1919,74,2290,23
1920,381,2863,48
1921,32,2399,47
1922,30,829,35
1923,321,1688,43
1924,73,2262,36
1925,292,328,22
1926,272,1255,42
1927,349,1891,12
1928,166,2732,38
1929,206,2133,35
1930,194,401,441
1931,292,1422,30
1932,251,1121,4
1933,174,741,32
1934,101,2607,33
1935,143,2426,5
1936,102,2052,44
1937,284,1885,3
1938,238,1443,49
1939,230,1432,15
1940,316,1988,47
1941,328,2102,6
1942,175,2917,38
1943,265,124,22
1944,307,485,43
1945,334,2945,20
1946,319,1521,3
1947,113,743,20
1948,214,1393,31
1949,295,1383,41
1950,310,55,24
1951,233,1828,14
1952,314,2318,48
1953,264,1295,28
1954,46,780,11
1955,20,786,3
1956,285,653,7
1957,77,867,44
1958,116,2811,8
1959,213,2164,2
1960,191,657,8
1961,365,2102,49
1962,76,1872,4
1963,73,815,34
1964,336,2301,46
1965,150,324,1
1966,94,1875,38
1967,312,1266,43
1968,184,2312,40
1969,394,1139,49
1970,188,2611,32
1971,84,2732,13
1972,214,2541,26
1973,331,247,38
1974,44,78,19
1975,128,1754,3
1976,118,1251,5
1977,213,80,37
1978,126,1790,43
1979,58,1123,45
1980,238,2924,23
1981,356,1357,420
1982,327,131,8
1983,374,1927,29
1984,149,1833,399
1985,181,1006,3
1986,36,2955,33
1987,126,1601,24
1988,29,997,13
1989,45,2558,46
1990,326,362,15
1991,220,2958,7
1992,115,1119,41
1993,132,1795,29
1994,276,2408,6
1995,83,2246,12
1996,57,1397,38
1997,241,2886,17
1998,75,1243,14
1999,127,2808,16
2000,44,1268,17
2001,275,438,10
2002,62,1077,46
2003,336,456,49
2004,87,2068,16
2005,339,1854,13
2006,237,2030,7
2007,229,2230,336
2008,85,2641,37
2009,376,2426,46
2010,291,1598,24
2011,124,2230,13
2012,275,1468,15
2013,231,2615,4
2014,41,2476,44
2015,181,2214,21
2016,271,668,2
2017,332,299,36
2018,295,1648,20
2019,28,730,15
2020,384,1947,8
2021,322,843,29
2022,380,1247,357
2023,360,2510,23
2024,32,373,1
2025,63,1918,4
2026,393,224,17
2027,134,302,5
2028,341,2408,40
2029,331,1281,22
2030,364,1898,2
2031,392,2489,47
2032,33,1655,19
2033,184,977,23
2034,222,699,27
2035,329,215,2
2036,97,2227,14
2037,225,2441,1
2038,40,1055,348
2039,251,2508,12
2040,333,2438,10
2041,355,2985,22
2042,59,1602,33
2043,157,2100,31
2044,315,1080,3
2045,139,1219,37
2046,288,2870,20
2047,268,1197,18
2048,233,458,45
2049,370,807,42
2050,210,2780,14
2051,350,2665,34
2052,229,1806,45
2053,247,861,50
2054,131,1401,7
2055,320,2514,31
2056,56,431,2
2057,139,2782,45
2058,184,2269,28
2059,267,2058,7
2060,259,1210,47
2061,355,244,20
2062,337,2252,31
2063,296,1941,9
2064,250,927,41
2065,323,2320,16
2066,165,928,44
2067,233,449,25
2068,216,1415,10
2069,100,1871,9
2070,256,946,3
2071,370,2694,30
2072,86,1348,17
2073,38,2998,46
2074,153,800,34
2075,78,974,6
2076,184,2177,32
2077,73,738,20
2078,205,13,14
2079,190,2204,12
2080,347,947,20
2081,365,2105,49
2082,218,1550,17
2083,49,1103,6
2084,136,1,38
2085,390,2295,1
2086,167,522,38
2087,319,2711,12
2088,274,1992,3
2089,142,2440,20
2090,203,2779,46
2091,98,490,14
2092,264,634,18
2093,118,1253,29
2094,256,1405,14
2095,133,1958,11
2096,131,1763,25
2097,256,1426,42
2098,241,2779,9
2099,392,1543,29
2100,150,864,40
2101,45,2331,34
2102,44,2695,31
2103,109,1689,40
2104,149,113,1
2105,159,720,5
2106,173,1361,2
2107,228,1604,7
2108,375,1354,49
2109,247,1018,11
2110,293,1575,21
2111,396,606,37
2112,79,1156,29
2113,147,559,20
2114,367,2674,33
2115,54,1680,37
2116,77,1487,396
2117,151,603,9
2118,102,1132,9
2119,276,1430,22
2120,322,908,49
2121,119,186,33
2122,109,2229,32
2123,124,1616,31
2124,379,1832,35
2125,284,1237,15
2126,338,2980,30
2127,64,2999,18
2128,349,399,50
2129,112,927,32
2130,289,240,30
2131,141,1969,9
2132,36,764,13
2133,266,1394,23
2134,191,1268,22
2135,345,1323,6
2136,270,1658,5
2137,321,2531,41
2138,81,1435,28
2139,292,2810,2
2140,32,2315,24
2141,357,324,36
2142,168,1258,28
2143,140,1318,31
2144,231,1118,45
2145,59,1337,4
2146,88,160,21
2147,155,214,20
2148,355,2460,47
2149,129,2113,21
2150,249,847,9
2151,61,1544,46
2152,390,1081,48
2153,188,1538,21
2154,189,1200,41
2155,28,2652,13
2156,181,2649,28
2157,290,300,9
2158,319,527,31
2159,245,189,29
2160,276,2208,10
2161,330,1588,6
2162,233,973,30
2163,134,2240,21
2164,333,180,2
2165,132,1644,45
2166,232,940,42
2167,109,2438,33
2168,399,597,43
2169,22,988,7
2170,52,976,38
2171,146,2658,3
2172,228,630,14
2173,209,2161,27
2174,349,2413,6
2175,186,1590,8
2176,170,213,5
2177,106,1219,46
2178,165,440,24
2179,238,702,30
2180,144,776,42
2181,101,382,8
2182,252,2039,38
2183,111,2208,45
2184,28,0,46
2185,188,1969,10
2186,278,2337,4
2187,153,2139,17
2188,397,1356,28
2189,395,1607,435
2190,173,1166,36
2191,273,1702,39
2192,28,2886,20
2193,82,2021,47
2194,148,2705,3
2195,285,929,8
2196,278,914,46
2197,256,1209,28
2198,313,2952,31
2199,367,1713,14
2200,207,18,46
2201,131,680,20
2202,229,137,36
2203,86,2215,22
2204,50,1201,6
2205,354,1355,4
2206,76,273,34
2207,95,2962,4
2208,35,1544,40
2209,330,1806,7
2210,307,2977,39
2211,24,50,15
2212,168,2345,29
2213,281,2438,39
2214,73,2451,26
2215,94,683,8
2216,328,1940,330
2217,80,138,20
2218,268,1064,17
2219,329,911,18
2220,174,2277,28
2221,298,1819,15
2222,220,1718,7
2223,206,821,8
2224,308,2584,42
2225,30,992,43
2226,30,2049,44
2227,122,2937,27
2228,243,2943,14
2229,271,446,3
2230,219,1772,20
2231,316,2491,18
2232,28,632,41
2233,182,281,12
2234,259,2489,24
2235,51,1785,13
2236,277,1462,50
2237,254,1571,43
2238,311,2327,39
2239,76,1037,39
2240,107,2605,12
2241,317,2605,43
2242,91,2208,26
2243,179,2680,37
2244,242,1782,20
2245,124,2528,1
2246,26,2144,19
2247,177,2485,44
2248,205,399,27
2249,390,2999,25
2250,127,2491,47
2251,72,1280,1
2252,346,2551,33
2253,232,2660,27
2254,194,1376,41
2255,209,1368,46
2256,63,601,21
2257,347,1042,22
2258,97,1123,41
2259,133,1690,38
2260,157,2494,7
2261,165,1834,41
2262,24,567,18
2263,357,978,24
2264,251,2563,8
2265,98,2610,4
2266,190,1995,14
2267,271,375,7
2268,206,1917,20
2269,66,2374,35
2270,159,480,9
2271,383,351,35
2272,380,1186,34
2273,211,1937,27
2274,188,1120,18
2275,70,715,17
2276,224,1193,50
2277,68,1387,30
2278,144,2747,5
2279,317,676,30
2280,38,1475,49
2281,208,559,1
2282,309,1819,19
2283,188,1274,45
2284,316,732,429
2285,245,1215,11
2286,363,1816,8
2287,62,2870,42
2288,387,144,30
2289,85,1789,15
2290,64,2423,31
2291,232,2655,23
2292,262,2212,20
2293,178,1847,21
2294,58,340,8
2295,245,1008,45
2296,349,279,38
2297,92,92,35
2298,369,2690,27
2299,191,1355,11
2300,220,644,16
2301,101,693,7
2302,97,1866,7
2303,373,1360,50
2304,160,469,20
2305,126,712,38
2306,305,1608,31
2307,224,81,18
2308,209,2332,8
2309,167,2210,36
2310,376,1209,6
2311,30,923,19
2312,31,976,2
2313,172,1373,28
2314,177,160,7
2315,91,1919,20
2316,205,1755,17
2317,316,1062,27
2318,267,2116,20
2319,341,1789,16
2320,166,734,43
2321,113,549,7
2322,164,529,17
2323,77,1134,7
2324,315,17,13
2325,43,2820,21
2326,268,1091,39
2327,151,1750,8
2328,138,2803,46
2329,39,2449,21
2330,68,214,1
2331,273,2968,44
2332,278,374,20
2333,238,1459,46
2334,380,654,50
2335,317,2058,45
2336,123,680,30
2337,336,219,34
2338,384,2534,28
2339,332,2018,10
2340,59,2110,33
2341,181,705,37
2342,230,2545,11
2343,236,1477,42
2344,125,2716,27
2345,233,1659,27
2346,390,2050,46
2347,370,1886,318
2348,289,2803,38
2349,186,146,21
2350,314,1981,41
2351,291,1157,49
2352,379,292,4
2353,400,1210,12
2354,68,997,43
2355,175,2339,13
2356,281,1788,17
2357,397,2491,309
2358,63,531,43
2359,323,1740,9
2360,125,2493,23
2361,310,937,31
2362,280,372,34
2363,328,1896,11
2364,77,1534,16
2365,360,1251,32
2366,131,2913,4
2367,84,1768,30
2368,21,1581,3
2369,316,2062,16
2370,87,1498,2
2371,132,365,34
2372,218,2879,46
2373,229,1522,14
2374,93,815,46
2375,334,2920,15
2376,100,1681,20
2377,378,2955,18
2378,144,1626,24
2379,356,2881,13
2380,164,2568,9
2381,182,844,11
2382,329,2722,22
2383,116,2795,3
2384,43,1995,9
2385,127,2890,11
2386,136,1513,30
2387,112,2166,9
2388,335,2763,31
2389,326,589,438
2390,51,163,26
2391,215,829,44
2392,226,864,393
2393,153,2157,35
2394,181,1897,4
2395,90,1981,4
2396,335,2877,9
2397,357,1444,30
2398,321,248,6
2399,20,2740,48
2400,159,338,27
2401,140,849,8
2402,220,1368,31
2403,220,2242,13
2404,28,290,32
2405,120,1795,339
2406,284,928,20
2407,326,683,6
2408,34,1609,26
2409,273,253,5
2410,124,2446,7
2411,48,1607,21
2412,319,2486,41
2413,298,2780,31
2414,70,2775,21
2415,152,2700,22
2416,357,80,18
2417,22,137,26
2418,115,1933,37
2419,114,1000,50
2420,104,2082,39
2421,255,1127,44
2422,115,563,14
2423,133,2868,8
2424,250,571,6
2425,24,1926,23
2426,379,589,13
2427,151,1010,309
2428,244,767,37
2429,74,1064,23
2430,158,2569,42
2431,212,1323,26
2432,289,1442,21
2433,270,1245,43
2434,42,2947,13
2435,339,1141,23
2436,216,2384,31
2437,96,1007,2
2438,227,2254,18
2439,155,1245,40
2440,75,77,47
2441,195,2309,24
2442,380,2124,46
2443,279,2461,15
2444,282,973,351
2445,286,680,21
2446,196,854,40
2447,297,1001,26
2448,360,1551,21
2449,139,1784,26
2450,74,2650,35
2451,255,1141,6
2452,299,604,35
2453,103,341,17
2454,301,484,18
2455,20,65,22
2456,72,629,24
2457,360,2448,16
2458,22,945,17
2459,310,2464,23
2460,35,2786,18
2461,20,2079,50
2462,255,2365,25
2463,169,2813,43
2464,131,519,25
2465,357,932,28
2466,179,264,6
2467,87,294,22
2468,128,1758,8
2469,118,419,12
2470,60,821,35
2471,365,2152,16
2472,120,1123,50
2473,60,2049,13
2474,376,864,40
2475,322,1964,16
2476,320,1416,447
2477,127,1252,43
2478,378,73,35
2479,381,1916,50
2480,196,2520,41
2481,400,2496,15
2482,280,570,39
2483,58,2081,11
2484,261,852,32
2485,109,2439,27
2486,155,14,42
2487,355,165,5
2488,306,2978,3
2489,345,1978,28
2490,123,1993,50
2491,219,2708,4
2492,325,1064,23
2493,96,1389,9
2494,66,496,47
2495,73,1107,23
2496,219,1284,38
2497,203,2070,19
2498,76,664,37
2499,180,794,31
2500,246,906,17
2501,124,689,28
2502,252,2267,34
2503,86,766,32
2504,395,1938,31
2505,366,1473,44
2506,36,2057,49
2507,380,860,11
2508,223,1287,25
2509,38,2551,34
2510,101,2421,21
2511,103,1074,41
2512,71,2386,11
2513,334,2432,48
2514,347,2552,15
2515,90,2497,26
2516,247,2376,34
2517,212,2157,7
2518,308,1197,22
2519,217,2696,41
2520,274,1867,7
2521,129,1983,29
2522,342,707,46
2523,85,2883,41
2524,319,2355,34
2525,133,2651,36
2526,260,915,36
2527,338,2597,12
2528,276,2168,18
2529,161,386,2
2530,148,1747,3
2531,262,1957,3
2532,192,1973,38
2533,236,2683,44
2534,39,2230,18
2535,116,294,6
2536,350,884,18
2537,109,1295,42
2538,144,2225,26
2539,207,2102,318
2540,225,53,12
2541,363,1944,4
2542,325,2823,24
2543,216,505,20
2544,359,2738,45
2545,389,1996,31
2546,196,2325,11
2547,314,1303,40
2548,190,1664,48
2549,228,1338,48
2550,353,585,29
2551,120,2819,20
2552,244,102,45
2553,358,906,360
2554,20,36,19
2555,283,252,39
2556,63,1357,24
2557,163,2111,50
2558,55,88,9
2559,322,2256,22
2560,196,3000,18
2561,145,2563,38
2562,299,2432,1
2563,223,1392,28
2564,366,2813,25
2565,246,478,402
2566,203,1067,44
2567,290,303,32
2568,293,1617,25
2569,230,2557,1
2570,37,2630,26
2571,101,235,48
2572,168,1450,12
2573,384,2522,31
2574,354,1280,50
2575,272,414,24
2576,241,150,45
2577,23,1097,24
2578,290,1527,16
2579,177,473,14
2580,334,697,2
2581,111,1526,40
2582,119,2371,27
2583,196,2296,43
2584,212,2613,39
2585,387,2461,39
2586,77,2383,27
2587,373,1546,14
2588,397,854,32
2589,305,1381,33
2590,385,1022,32
2591,76,1952,16
2592,158,547,10
2593,41,1298,9
2594,383,2333,44
2595,212,2054,25
2596,259,1902,3
2597,219,1510,41
2598,53,2507,28
2599,175,1718,31
2600,170,1017,2
2601,323,2492,29
2602,189,1976,25
2603,85,2977,23
2604,255,1413,20
2605,177,584,34
2606,148,348,30
2607,282,477,11
2608,40,2882,31
2609,366,2263,39
2610,122,2934,27
2611,322,1098,1
2612,347,1435,1
2613,349,1305,22
2614,215,786,6
2615,315,171,25
2616,305,1177,16
2617,127,406,23
2618,286,2823,13
2619,243,1688,42
2620,148,2594,2
2621,171,349,1
2622,40,1131,50
2623,337,1715,49
2624,20,173,13
2625,281,593,6
2626,376,2631,26
2627,348,1293,7
2628,340,990,21
2629,140,734,12
2630,332,2886,32
2631,309,2468,6
2632,386,2102,15
2633,215,1370,18
2634,20,1818,7
2635,61,2669,49
2636,398,1411,19
2637,113,236,4
2638,285,404,16
2639,300,142,49
2640,182,967,37
2641,61,366,44
2642,275,224,7
2643,226,1598,41
2644,343,2038,22
2645,249,190,50
2646,89,381,35
2647,247,1692,22
2648,202,1667,40
2649,201,1911,30
2650,26,2379,40
2651,298,2769,37
2652,330,311,16
2653,143,729,27
2654,363,2762,20
2655,272,2513,321
2656,99,2606,312
2657,46,2838,42
2658,119,2903,31
2659,40,1777,10
2660,386,837,11
2661,98,90,14
2662,121,2203,450
2663,396,1642,50
2664,388,2894,36
2665,339,2999,31
2666,287,38,46
2667,31,1639,18
2668,109,1799,46
2669,119,1989,13
2670,217,1902,2
2671,113,481,44
2672,299,1576,40
2673,231,1732,20
2674,288,2260,18
2675,395,493,27
2676,24,359,23
2677,393,2217,31
2678,344,1597,37
2679,278,2031,23
2680,205,2069,16
2681,149,941,16
2682,164,1764,28
2683,89,518,2
2684,307,2507,32
2685,275,2264,43
2686,302,224,40
2687,377,1932,309
2688,371,2959,40
2689,296,934,37
2690,311,989,10
2691,175,2701,42
2692,129,580,41
2693,255,1062,40
2694,371,1202,18
2695,384,1044,15
2696,366,1707,14
2697,89,163,33
2698,133,1126,38
2699,29,1081,15
2700,58,2144,39
2701,131,2019,18
2702,234,124,23
2703,239,1803,36
2704,391,2902,50
2705,168,1066,18
2706,168,2759,22
2707,207,15,441
2708,201,2939,8
2709,265,2440,32
2710,99,2880,24
2711,322,647,2
2712,91,1003,7
2713,258,822,20
2714,135,2445,47
2715,93,1239,4
2716,191,936,39
2717,267,2700,37
2718,149,477,41
2719,42,829,26
2720,56,1779,4
2721,363,1899,14
2722,246,1339,2
2723,367,2066,47
2724,86,1721,33
2725,57,612,15
2726,34,187,5
2727,359,10,35
2728,130,268,24
2729,316,1925,36
2730,178,818,48
2731,268,1262,2
2732,141,2611,12
2733,51,1408,41
2734,295,2655,29
2735,284,1542,3
2736,56,64,12
2737,303,988,32
2738,50,2266,33
2739,84,903,387
2740,141,179,11
2741,386,1936,7
2742,292,2988,21
2743,247,1760,42
2744,54,2334,16
2745,267,1095,47
2746,167,1605,43
2747,154,2901,19
2748,138,22,14
2749,223,1913,1
2750,25,1320,5
2751,357,2925,24
2752,308,2028,4
2753,108,2772,18
2754,149,2461,36
2755,228,2100,6
2756,198,1544,34
2757,155,2632,40
2758,229,1759,29
2759,149,1674,46
2760,296,419,10
2761,317,2173,36
2762,182,1716,438
2763,374,751,26
2764,38,2154,46
2765,367,2856,50
2766,146,51,306
2767,125,1500,13
2768,324,172,14
2769,301,2404,12
2770,72,2223,18
2771,97,2841,32
2772,203,1743,417
2773,190,721,38
2774,127,31,1
2775,110,2155,37
2776,262,2922,26
2777,134,2309,32
2778,205,1505,31
2779,171,2237,28
2780,270,1785,17
2781,378,2473,7
2782,157,192,1
2783,348,1595,34
2784,387,1611,13
2785,289,235,25
2786,364,2691,2
2787,205,1331,32
2788,322,2194,22
2789,37,2536,4
2790,274,911,29
2791,325,2977,18
2792,66,357,2
2793,315,432,16
2794,271,1326,15
2795,200,1688,50
2796,83,192,6
2797,217,447,25
2798,32,714,21
2799,118,2180,50
2800,321,1265,22
2801,217,2677,16
2802,157,2061,38
2803,353,426,25
2804,155,1413,6
2805,369,1532,14
2806,197,1766,44
2807,264,376,1
2808,144,2841,48
2809,364,299,42
2810,241,462,37
2811,74,215,17
2812,212,2873,46
2813,127,858,35
2814,296,623,30
2815,82,1541,48
2816,77,2063,12
2817,394,1832,14
2818,326,1281,48
2819,173,17,45
2820,118,1785,27
2821,111,2302,5
2822,391,941,30
2823,77,1891,1
2824,217,1073,14
2825,81,769,6
2826,389,1654,48
2827,79,850,360
2828,309,1485,34
2829,90,120,25
2830,58,424,9
2831,338,1826,24
2832,371,675,45
2833,371,1096,6
2834,168,1706,21
2835,300,2667,21
2836,117,470,44
2837,325,1663,27
2838,134,315,48
2839,242,1198,46
2840,341,1183,27
2841,163,255,26
2842,23,106,26
2843,166,462,411
2844,302,180,2
2845,93,2541,36
2846,66,1999,7
2847,125,2346,4
2848,20,1013,16
2849,396,296,7
2850,127,892,50
2851,193,1801,24
2852,361,2884,23
2853,242,2929,420
2854,267,1592,25
2855,23,1704,21
2856,223,890,14
2857,270,533,48
2858,307,1094,43
2859,186,2216,3
2860,185,773,2
2861,143,728,8
2862,183,1300,26
2863,320,1296,12
2864,217,1017,25
2865,325,2421,36
2866,173,1014,48
2867,174,32,12
2868,192,1482,21
2869,246,2420,27
2870,146,749,23
2871,122,1496,44
2872,372,159,21
2873,148,2597,7
2874,63,2321,41
2875,161,1130,9
2876,59,1207,5
2877,81,2435,9
2878,324,268,35
2879,192,229,9
2880,91,2820,7
2881,199,2362,12
2882,262,548,17
2883,145,2675,46
2884,21,2867,35
2885,120,1206,14
2886,150,1567,32
2887,94,52,39
2888,173,1086,15
2889,97,575,16
2890,275,2297,6
2891,139,1382,40
2892,102,2732,44
2893,33,163,354
2894,359,322,20
2895,89,1302,28
2896,373,2656,43
2897,324,2163,42
2898,174,1703,29
2899,247,2336,31
2900,243,2842,28
2901,155,429,20
2902,87,681,26
2903,90,2327,27
2904,137,661,34
2905,171,799,24
2906,325,1883,32
2907,170,169,22
2908,275,1761,46
2909,238,2404,2
2910,375,77,13
2911,350,322,16
2912,31,2078,42
2913,291,1702,6
2914,360,916,6
2915,360,400,38
2916,248,2911,25
2917,103,355,1
2918,128,1466,32
2919,97,1199,23
2920,128,606,42
2921,187,2022,12
2922,99,1121,432
2923,342,1068,41
2924,143,1793,33
2925,249,1738,48
2926,369,2633,35
2927,162,1508,7
2928,349,2325,38
2929,64,2042,23
2930,242,757,5
2931,185,506,22
2932,189,465,44
2933,298,1230,34
2934,340,553,22
2935,41,761,45
2936,122,1385,20
2937,22,1022,19
2938,82,2126,17
2939,126,2548,423
2940,228,757,46
2941,227,100,9
2942,183,1812,33
2943,363,2978,49
2944,267,2986,44
2945,239,363,18
2946,388,2616,13
2947,199,2653,6
2948,221,345,25
2949,195,2922,27
2950,277,2019,3
2951,313,546,20
2952,86,2964,435
2953,160,230,11
2954,148,1326,26
2955,120,1655,46
2956,185,1359,31
2957,158,726,2
2958,134,605,49
2959,320,2983,33
2960,82,2707,26
2961,228,1720,30
2962,24,2728,27
2963,137,864,360
2964,369,2384,44
2965,107,540,12
2966,338,823,28
2967,28,2168,3
2968,88,132,39
2969,325,1134,18
2970,62,1672,13
2971,295,91,20
2972,361,2156,429
2973,52,1334,45
2974,332,2179,21
2975,267,2209,5
2976,385,1963,36
2977,308,2574,37
2978,316,2364,30
2979,44,441,35
2980,48,2432,42
2981,265,1742,39
2982,22,846,2
2983,126,1790,44
2984,312,2025,38
2985,228,431,18
2986,117,527,46
2987,398,2835,2
2988,132,742,28
2989,48,2850,24
2990,253,2739,10
2991,173,1615,7
2992,92,246,18
2993,108,1558,37
2994,280,1318,49
2995,231,250,24
2996,210,115,16
2997,398,2707,11
2998,298,2218,7
2999,205,402,31
3000,102,1921,426
3001,125,2153,12
3002,238,2866,32
3003,258,1223,33
3004,56,672,13
3005,75,536,25
3006,272,916,27
3007,290,1227,42
3008,244,497,5
3009,214,1738,45
3010,58,778,9
3011,374,77,17
3012,94,930,21
3013,228,2736,15
3014,57,219,357
3015,54,2443,28
3016,300,1557,34
3017,54,183,47
3018,374,470,13
3019,317,1697,47
3020,226,2366,49
3021,219,1302,38
3022,294,2693,1
3023,384,1239,24
3024,171,227,351
3025,356,1158,16
3026,68,1222,15
3027,139,2811,13
3028,23,1832,27
3029,69,2088,9
3030,300,754,25
3031,264,2717,13
3032,175,805,15
3033,335,549,50
3034,169,229,28
3035,301,2158,36
3036,223,2529,44
3037,192,2909,17
3038,387,1546,43
3039,69,311,48
3040,191,1936,5
3041,378,1503,5
3042,112,1134,47
3043,319,1263,33
3044,286,234,34
3045,242,619,31
3046,380,2592,43
3047,318,2826,14
3048,347,1131,5
3049,102,2362,29
3050,62,2845,39
3051,110,1319,4
3052,25,1751,22
3053,362,316,10
3054,238,1503,46
3055,52,103,24
3056,353,2337,38
3057,255,2435,22
3058,379,441,50
3059,249,2795,40
3060,213,542,47
3061,395,1974,36
3062,128,2755,42
3063,269,1731,21
3064,170,1672,10
3065,120,1286,14
3066,231,520,47
3067,395,162,41
3068,396,2014,44
3069,267,1102,22
3070,35,434,1
3071,235,1522,42
3072,218,2807,38
3073,54,903,37
3074,159,2407,7
3075,169,2405,2
3076,114,2908,24
3077,318,1478,25
3078,398,2922,8
3079,190,2295,49
3080,336,1058,22
3081,117,730,29
3082,104,403,29
3083,114,15,44
3084,398,1459,48
3085,62,1250,16
3086,265,2200,48
3087,319,2521,6
3088,185,1335,2
3089,265,468,7
3090,161,1552,37
3091,38,2465,37
3092,120,991,41
3093,300,2726,43
3094,285,5,48
3095,278,2027,429
3096,110,113,1
3097,273,2641,24
3098,226,2271,7
3099,393,654,36
3100,258,1893,12
3101,34,667,5
3102,60,1911,25
3103,318,210,50
3104,98,338,8
3105,393,2718,29
3106,42,2325,3
3107,82,1769,24
3108,334,1521,27
3109,83,419,4
3110,272,725,390
3111,325,1708,35
3112,91,2574,2
3113,226,2854,47
3114,293,448,8
3115,325,942,46
3116,62,102,8
3117,333,160,50
3118,78,1339,13
3119,134,1292,9
3120,288,2408,4
3121,316,2225,32
3122,321,536,43
3123,279,1343,31
3124,197,732,32
3125,107,553,3
3126,193,2839,18
3127,231,1002,18
3128,339,1178,42
3129,263,69,47
3130,152,1202,10
3131,177,799,2
3132,24,2946,49
3133,146,411,24
3134,142,2494,42
3135,217,1593,13
3136,71,393,12
3137,88,1158,11
3138,231,2366,48
3139,307,1569,27
3140,239,329,47
3141,232,1308,20
3142,261,1686,23
3143,79,1630,16
3144,47,1154,21
3145,270,1280,20
3146,84,317,40
3147,73,137,40
3148,171,1614,348
3149,393,945,20
3150,52,1582,27
3151,167,2848,1
3152,385,2272,2
3153,98,2091,38
3154,166,922,14
3155,257,261,6
3156,86,273,2
3157,352,1450,28
3158,89,1364,50
3159,23,2526,42
3160,354,803,28
3161,79,302,18
3162,367,2475,20
3163,214,1576,46
3164,47,1023,7
3165,177,262,21
3166,337,2791,11
3167,376,116,16
3168,170,2646,43
3169,243,146,15
3170,371,2603,37
3171,262,1363,42
3172,213,2440,5
3173,329,2637,31
3174,262,198,7
3175,154,2849,27
3176,179,894,45
3177,253,698,6
3178,379,2592,2
3179,217,671,41
3180,77,621,15
3181,103,1590,10
3182,339,1993,24
3183,379,428,2
3184,157,1579,2
3185,385,1040,21
3186,65,2094,35
3187,360,848,23
3188,147,273,23
3189,227,2055,42
3190,53,370,39
3191,176,2094,5
3192,315,149,25
3193,70,2092,26
3194,273,1417,14
3195,116,714,3
3196,157,2243,9
3197,114,2371,29
3198,158,1613,31
3199,232,1098,48
3200,306,287,41
3201,333,2088,25
3202,347,384,7
3203,322,1194,15
3204,275,2783,13
3205,120,774,40
3206,299,1095,28
3207,150,2230,49
3208,335,2348,31
3209,369,567,43
3210,349,1993,16
3211,266,1356,5
3212,36,1660,12
3213,133,139,29
3214,386,914,40
3215,378,2646,49
3216,143,1661,1
3217,297,1935,14
3218,386,2820,33
3219,200,1573,41
3220,38,2152,32
3221,122,2039,16
3222,172,2111,30
3223,393,2726,8
3224,298,2883,43
3225,362,2277,48
3226,90,1356,3
3227,281,2659,38
3228,288,1280,50
3229,316,1906,37
3230,262,1181,5
3231,30,1466,48
3232,284,400,33
3233,190,2392,13
3234,156,1753,30
3235,394,1628,48
3236,392,324,28
3237,117,1046,48
3238,207,524,10
3239,203,2597,32
3240,44,1862,17
3241,325,1814,21
3242,345,999,369
3243,199,544,14
3244,118,1747,11
3245,186,328,25
3246,113,1063,37
3247,20,1577,44
3248,96,2324,46
3249,30,387,3
3250,383,929,33
3251,201,1892,48
3252,187,1780,36
3253,54,2431,50
3254,356,1150,20
3255,194,540,1
3256,90,1165,44
3257,280,658,8
3258,278,2909,44
3259,228,356,10
3260,359,1607,3
3261,75,2387,20
3262,201,728,14
3263,85,1648,40
3264,166,2923,34
3265,288,1533,40
3266,193,1753,17
3267,229,2686,411
3268,252,142,19
3269,140,2823,27
3270,145,541,8
3271,309,1631,9
3272,398,2168,45
3273,126,777,18
3274,352,927,33
3275,334,963,3
3276,271,1234,20
3277,223,2203,19
3278,20,1714,23
3279,360,524,23
3280,391,383,14
3281,39,1772,39
3282,394,2616,381
3283,377,1525,6
3284,257,1166,13
3285,150,1631,396
3286,186,1496,8
3287,336,2479,19
3288,329,818,37
3289,152,257,13
3290,231,32,15
3291,394,1791,22
3292,91,551,32
3293,375,308,41
3294,120,2379,17
3295,63,1432,21
3296,276,1686,35
3297,149,2634,27
3298,115,666,9
3299,151,388,15
3300,229,157,36
3301,186,1161,40
3302,391,427,5
3303,359,310,35
3304,335,87,43
3305,236,903,12
3306,243,1174,39
3307,165,1994,6
3308,245,275,8
3309,343,2942,19
3310,140,2416,21
3311,24,1035,11
3312,353,1788,7
3313,30,682,15
3314,356,2032,31
3315,278,2615,24
3316,316,2579,38
3317,183,2786,30
3318,398,2641,18
3319,335,174,49
3320,246,1357,6
3321,293,1290,9
3322,361,1789,30
3323,261,330,42
3324,162,600,5
3325,188,1909,4
3326,281,2069,27
3327,311,1153,50
3328,310,2718,48
3329,24,2945,48
3330,363,2310,9
3331,249,587,47
3332,173,1804,39
3333,87,54,32
3334,147,709,8
3335,214,1682,3
3336,276,2913,13
3337,283,876,19
3338,126,2487,35
3339,368,2522,48
3340,353,577,48
3341,317,488,40
3342,25,975,20
3343,316,401,30
3344,230,2026,23
3345,279,235,3
3346,96,495,35
3347,34,1475,22
3348,94,2887,14
3349,80,417,10
3350,326,121,1
3351,159,323,18
3352,180,1786,37
3353,334,585,24
3354,303,2111,14
3355,312,2605,12
3356,95,2772,19
3357,50,1180,48
3358,108,779,14
3359,154,1563,45
3360,37,1217,36
3361,369,630,9
3362,254,1547,2
3363,381,378,28
3364,209,2289,41
3365,69,1702,16
3366,96,2285,30
3367,395,2241,28
3368,51,1112,36
3369,324,2440,22
3370,197,1368,13
3371,126,2227,27
3372,327,1868,42
3373,94,1636,26
3374,120,1622,15
3375,239,1263,1
3376,394,2259,30
3377,167,1401,3
3378,135,2538,14
3379,345,366,42
3380,59,2197,2
3381,223,242,9
3382,138,2925,7
3383,286,1919,3
3384,174,2572,44
3385,344,2534,38
3386,35,764,17
3387,35,2241,24
3388,349,465,4
3389,211,1345,7
3390,150,2047,25
3391,308,1114,25
3392,358,34,32
3393,173,1610,18
3394,332,2156,18
3395,397,549,25
3396,364,286,38
3397,132,1533,31
3398,106,430,29
3399,94,2815,39
3400,192,666,23
3401,117,99,32
3402,318,305,41
3403,377,897,27
3404,350,611,32
3405,328,1638,11
3406,49,2151,5
3407,106,2270,38
3408,169,2080,31
3409,80,2252,36
3410,32,2569,414
3411,48,807,39
3412,312,736,49
3413,57,2739,29
3414,183,2938,34
3415,203,2051,46
3416,328,1400,44
3417,124,1507,29
3418,191,2759,28
3419,68,1496,43
3420,382,2674,42
3421,348,2949,13
3422,250,1973,36
3423,201,1235,50
3424,38,2227,12
3425,166,949,46
3426,253,2926,22
3427,277,558,28
3428,282,369,13
3429,220,706,5
3430,288,2990,14
3431,363,339,21
3432,103,33,38
3433,98,630,1
3434,130,762,19
3435,40,2347,39
3436,187,2447,12
3437,373,1689,33
3438,110,2983,49
3439,182,2631,46
3440,220,2117,19
3441,110,2743,30
3442,100,1057,50
3443,176,2608,24
3444,219,981,3
3445,116,2580,1
3446,324,2073,42
3447,113,1001,23
3448,107,1077,6
3449,62,2386,42
3450,351,395,5
3451,130,2292,5
3452,204,1634,16
3453,335,2735,7
3454,297,2111,47
3455,323,1344,39
3456,42,1588,15
3457,35,287,48
3458,196,1800,39
3459,165,2795,8
3460,94,470,44
3461,292,2714,13
3462,269,163,42
3463,252,481,13
3464,400,1003,37
3465,119,891,46
3466,60,2783,12
3467,79,960,11
3468,177,2742,48
3469,113,1884,23
3470,351,686,17
3471,175,2543,19
3472,29,933,10
3473,272,237,29
3474,84,2693,42
3475,243,507,22
3476,118,776,6
3477,272,648,36
3478,258,293,30
3479,222,2785,19
3480,133,1460,2
3481,62,824,47
3482,353,972,10
3483,325,1843,8
3484,301,1557,20
3485,393,1070,41
3486,273,2643,40
3487,395,1782,47
3488,353,2352,49
3489,263,710,46
3490,327,228,7
3491,82,1297,47
3492,99,1764,5
3493,46,1627,12
3494,276,2954,34
3495,229,741,6
3496,110,2819,48
3497,201,686,22
3498,108,1772,15
3499,236,2169,37
3500,110,380,45
3501,169,831,34
3502,230,83,44
3503,325,853,19
3504,147,1921,12
3505,343,2078,2
3506,384,2281,40
3507,373,1758,4
3508,30,2948,21
3509,221,1954,45
3510,132,2644,47
3511,209,1674,46
3512,174,582,27
3513,211,1502,24
3514,351,657,47
3515,137,1487,39
3516,74,2800,25
3517,212,2915,14
3518,271,671,14
3519,116,2873,47
3520,213,1600,336
3521,342,2066,4
3522,392,102,7
3523,375,715,37
3524,152,1902,2
3525,157,1936,50
3526,200,2150,48
3527,56,2504,27
3528,285,366,47
3529,210,338,28
3530,49,2133,34
3531,260,273,29
3532,172,2100,20
3533,85,2652,12
3534,96,2704,47
3535,42,2854,11
3536,236,1337,37
3537,241,664,3
3538,292,273,40
3539,396,1943,37
3540,102,1394,34
3541,112,585,1
3542,182,960,1
3543,313,807,32
3544,330,2053,19
3545,155,790,5
3546,21,854,9
3547,241,1065,7
3548,283,2436,38
3549,30,2514,44
3550,380,2075,50
3551,173,1070,18
3552,286,2905,378
3553,146,1600,6
3554,286,943,10
3555,239,1561,15
3556,355,1308,23
3557,103,1164,19
3558,251,115,5
3559,310,907,16
3560,109,495,10
3561,139,1482,42
3562,143,1658,43
3563,356,2046,3
3564,277,235,22
3565,366,250,49
3566,346,409,18
3567,382,10,49
3568,253,34,19
3569,220,855,4
3570,79,2246,25
3571,137,1734,43
3572,215,597,36
3573,390,2600,342
3574,309,2556,18
3575,392,563,19
3576,214,665,3
3577,216,1000,5
3578,400,1821,2
3579,52,1559,17
3580,294,2341,7
3581,241,1047,7
3582,215,1336,14
3583,22,1349,3
3584,278,1736,48
3585,25,2482,40
3586,166,219,1
3587,178,2580,342
3588,237,454,44
3589,175,2532,50
3590,222,2303,24
3591,204,2374,43
3592,34,2928,1
3593,157,290,39
3594,287,2377,19
3595,229,2684,11
3596,155,1634,20
3597,207,90,17
3598,256,740,22
3599,371,1455,29
3600,385,1774,12
3601,171,2003,50
3602,308,761,13
3603,28,1978,12
3604,101,2648,1
3605,250,998,35
3606,223,1933,48
3607,53,541,45
3608,204,2137,2
3609,189,1041,34
3610,147,660,28
3611,35,2974,6
3612,208,2650,7
3613,392,176,21
3614,344,429,38
3615,302,2874,6
3616,214,1749,8
3617,237,757,26
3618,95,1330,38
3619,278,1297,15
3620,116,1649,13
3621,380,1302,1
3622,220,1545,27
3623,85,2088,32
3624,103,1848,21
3625,398,2782,37
3626,110,947,42
3627,262,306,25
3628,396,711,14
3629,103,2711,25
3630,123,2604,4
3631,196,457,5
3632,61,1915,12
3633,236,1803,37
3634,324,1651,25
3635,73,2117,40
3636,243,761,15
3637,100,1594,2
3638,266,1675,46
3639,279,724,8
3640,284,2756,17
3641,376,1737,40
3642,225,568,19
3643,284,1580,2
3644,149,144,38
3645,259,952,4
3646,322,2238,6
3647,287,2327,24
3648,132,2939,37
3649,183,966,44
3650,333,1063,3
3651,145,2125,20
3652,226,2435,21
3653,351,1290,5
3654,65,1229,45
3655,322,2176,21
3656,259,2184,19
3657,262,1918,7
3658,230,199,2
3659,142,723,324
3660,340,1621,49
3661,395,2178,1
3662,294,2483,34
3663,214,2314,33
3664,336,576,31
3665,319,879,41
3666,389,1124,12
3667,257,1965,3
3668,32,2021,6
3669,378,2130,38
3670,257,657,22
3671,224,1504,9
3672,228,1698,10
3673,384,1307,4
3674,349,2707,38
3675,345,2789,43
3676,72,2249,29
3677,199,626,26
3678,210,2427,345
3679,380,102,7
3680,279,2177,24
3681,236,1442,3
3682,241,1118,24
3683,101,404,47
3684,234,1423,39
3685,304,470,28
3686,174,2672,44
3687,291,2806,41
3688,137,1593,10
3689,284,1179,12
3690,280,2818,20
3691,227,2801,3
3692,137,1752,8
3693,92,652,23
3694,305,963,32
3695,167,1819,19
3696,64,1855,306
3697,312,1991,18
3698,67,1178,28
3699,343,2760,24
3700,241,919,26
3701,50,1419,39
3702,113,1830,29
3703,154,1315,16
3704,343,1342,44
3705,261,1448,17
3706,336,2153,43
3707,234,2823,49
3708,380,432,47
3709,137,66,2
3710,94,890,40
3711,284,729,7
3712,208,1401,27
3713,255,1455,24
3714,37,1243,47
3715,276,1696,2
3716,356,1333,14
3717,231,2094,43
3718,365,1610,10
3719,90,2689,20
3720,119,775,10
3721,294,1634,40
3722,74,2149,1
3723,349,1122,31
3724,93,1179,16
3725,41,2649,43
3726,397,1528,24
3727,180,1042,315
3728,49,457,3
3729,225,864,9
3730,306,342,18
3731,39,598,27
3732,264,2071,14
3733,191,6,10
3734,371,2809,28
3735,396,2826,42
3736,190,1329,42
3737,301,2823,399
3738,141,2398,34
3739,222,1574,11
3740,309,151,4
3741,141,1662,17
3742,230,2787,4
3743,128,1816,4
3744,30,1667,27
3745,350,2008,15
3746,57,2661,6
3747,393,284,23
3748,114,173,6
3749,143,1276,10
3750,185,845,44
3751,384,2481,44
3752,341,305,17
3753,77,2331,33
3754,146,497,8
3755,162,1269,34
3756,384,1937,28
3757,245,2030,37
3758,206,1562,1
3759,71,2278,40
3760,113,911,2
3761,108,2538,37
3762,39,802,23
3763,253,339,45
3764,27,2079,48
3765,26,353,49
3766,33,903,9
3767,22,1461,43
3768,80,481,37
3769,289,2260,9
3770,369,2261,46
3771,348,955,3
3772,262,119,20
3773,237,235,49
3774,229,2228,24
3775,123,2603,12
3776,109,2121,14
3777,244,2209,8
3778,98,587,2
3779,179,814,17
3780,397,904,31
3781,56,1322,19
3782,290,1596,447
3783,50,2010,15
3784,67,164,43
3785,278,2363,40
3786,256,1376,44
3787,41,1530,21
3788,189,2587,2
3789,301,1280,43
3790,100,1909,22
3791,97,616,49
3792,213,2497,22
3793,207,1437,28
3794,191,2600,45
3795,213,6,1
3796,377,2378,33
3797,301,2684,33
3798,373,668,16
3799,80,1210,14
3800,257,2510,1
3801,229,1083,26
3802,67,1788,28
3803,155,2171,3
3804,336,381,40
3805,295,1870,23
3806,306,2233,35
3807,54,1767,37
3808,179,1928,48
3809,181,2033,11
3810,339,1202,44
3811,117,1277,50
3812,97,931,38
3813,22,959,8
3814,61,286,44
3815,379,327,12
3816,328,1072,45
3817,62,514,27
3818,175,2559,47
3819,267,1058,40
3820,352,2751,41
3821,78,825,6
3822,157,2952,25
3823,229,602,35
3824,311,1005,14
3825,318,435,41
3826,127,844,40
3827,56,2295,41
3828,234,2467,26
3829,378,365,24
3830,103,270,26
3831,61,524,41
3832,274,2919,2
3833,303,2971,27
3834,122,1304,38
3835,219,382,40
3836,188,2310,31
3837,310,1539,8
3838,29,2516,20
3839,29,640,8
3840,184,1087,37
3841,295,507,37
3842,259,983,7
3843,139,2598,31
3844,166,16,35
3845,224,1400,15
3846,287,506,13
3847,319,2286,40
3848,34,264,27
3849,292,573,1
3850,355,479,43
3851,247,1864,37
3852,31,1052,50
3853,190,922,37
3854,303,1189,37
3855,243,1916,34
3856,393,1783,43
3857,335,2861,25
3858,72,1359,13
3859,97,2958,15
3860,143,173,50
3861,232,1724,36
3862,227,264,1
3863,312,1948,11
3864,332,1761,41
3865,62,765,12
3866,157,442,4
3867,169,2268,13
3868,378,188,38
3869,368,1118,48
3870,364,2582,2
3871,395,746,50
3872,242,1274,47
3873,167,2308,351
3874,348,946,30
3875,215,1888,42
3876,76,2254,43
3877,260,1144,22
3878,349,1232,36
3879,125,116,12
3880,384,1882,13
3881,332,524,20
3882,160,1669,4
3883,236,2030,3
3884,320,2171,20
3885,316,1051,16
3886,368,2085,33
3887,218,2916,12
3888,392,718,39
3889,339,1399,47
3890,205,2298,35
3891,206,2946,24
3892,339,2577,21
3893,328,2983,37
3894,221,1,49
3895,139,99,29
3896,216,2898,33
3897,317,1192,26
3898,30,1324,43
3899,69,2306,30
3900,294,50,29
3901,183,1612,46
3902,224,2908,354
3903,220,491,42
3904,246,1457,1
3905,305,1357,6
3906,60,31,18
3907,33,2935,36
3908,139,2214,36
3909,47,1480,29
3910,213,55,4
3911,346,1691,26
3912,132,861,360
3913,266,640,30
3914,192,2732,14
3915,382,384,14
3916,49,255,47
3917,71,2978,29
3918,270,1373,11
3919,302,1032,50
3920,78,1474,447
3921,398,967,30
3922,365,1919,40
3923,82,1813,3
3924,187,1834,39
3925,89,1678,45
3926,196,735,11
3927,366,1779,47
3928,174,846,7
3929,344,2709,27
3930,68,113,16
3931,256,111,37
3932,25,2449,13
3933,357,1086,9
3934,51,2394,19
3935,164,832,18
3936,318,2304,17
3937,296,340,25
3938,389,2044,24
3939,72,2963,18
3940,177,2408,11
3941,24,2371,41
3942,360,646,36
3943,105,2167,16
3944,382,1706,10
3945,200,486,37
3946,313,2210,48
3947,346,2595,20
3948,391,62,46
3949,228,2494,39
3950,340,1342,48
3951,203,2763,44
3952,217,2338,8
3953,208,831,13
3954,365,2863,450
3955,279,2360,24
3956,196,809,39
3957,292,611,45
3958,268,1555,6
3959,229,769,26
3960,161,2878,39
3961,311,164,46
3962,311,1694,49
3963,110,1702,37
3964,386,1618,24
3965,269,2451,2
3966,185,2208,23
3967,363,907,3
3968,240,1199,46
3969,297,1076,38
3970,66,269,49
3971,279,2199,34
3972,376,1584,6
3973,128,1853,34
3974,33,2702,24
3975,277,2075,42
3976,288,2959,45
3977,216,2094,40
3978,140,801,3
3979,286,226,19
3980,231,1553,30
3981,252,1566,8
3982,127,1195,31
3983,160,24,37
3984,348,1657,35
3985,227,1753,5
3986,220,1952,408
3987,360,1853,345
3988,338,683,35
3989,288,2208,39
3990,280,857,32
3991,68,2673,31
3992,391,784,49
3993,210,2263,15
3994,296,882,33
3995,365,1495,20
3996,307,518,6
3997,76,1073,19
3998,387,1978,30
3999,310,1732,24
4000,225,2106,5
4001,153,2497,17
4002,160,179,47
4003,55,2712,34
4004,216,925,29
4005,153,828,24
4006,88,1421,50
4007,97,1994,11
4008,213,95,39
4009,39,2913,35
4010,307,2112,25
4011,199,77,13
4012,184,1593,25
4013,399,1119,15
4014,315,2013,21
4015,27,1294,12
4016,150,18,46
4017,214,691,3
4018,105,2336,12
4019,343,2431,32
4020,90,1180,13
4021,298,2974,23
4022,50,533,15
4023,214,2806,42
4024,248,238,17
4025,372,1969,21
4026,74,1963,31
4027,148,1259,40
4028,79,185,43
4029,51,2188,44
4030,53,197,37
4031,288,1903,21
4032,168,2836,22
4033,28,1808,37
4034,89,1708,26
4035,318,2982,31
4036,317,835,19
4037,203,1040,13
4038,357,1429,45
4039,306,2002,27
4040,377,2243,7
4041,260,2949,35
4042,151,256,37
4043,80,2471,27
4044,135,1789,37
4045,135,1884,40
4046,372,2376,351
4047,196,1243,27
4048,153,1279,1
4049,55,1637,14
4050,244,1464,1
4051,349,1332,1
4052,49,2271,45
4053,216,2996,48
4054,244,1798,25
4055,27,2620,10
4056,192,2516,39
4057,204,862,36
4058,246,2102,21
4059,45,2096,47
4060,185,1868,20
4061,400,860,31
4062,195,2313,31
4063,200,2910,38
4064,174,1025,40
4065,376,1820,37
4066,73,1327,35
4067,339,379,36
4068,261,1035,37
4069,112,1117,6
4070,111,812,42
4071,215,887,36
4072,397,791,34
4073,389,2970,17
4074,185,137,34
4075,293,707,10
4076,123,2669,30
4077,31,1009,45
4078,77,750,11
4079,213,71,36
4080,115,110,1
4081,346,914,13
4082,231,1055,33
4083,348,79,42
4084,202,450,46
4085,336,2401,16
4086,345,960,5
4087,211,1834,24
4088,397,2667,11
4089,116,2587,10
4090,178,2976,31
4091,28,2694,33
4092,306,2034,34
4093,333,1204,27
4094,60,1186,50
4095,345,1591,360
4096,69,209,321
4097,171,601,423
4098,134,720,4
4099,253,2087,47
4100,176,2826,4
4101,283,1896,16
4102,187,1449,25
4103,142,1958,5
4104,41,2319,5
4105,70,782,17
4106,285,1609,41
4107,211,1658,19
4108,363,429,40
4109,341,2158,37
4110,349,365,44
4111,330,2038,1
4112,161,843,15
4113,81,1465,3
4114,105,117,23
4115,187,2612,33
4116,287,1274,3
4117,334,1008,48
4118,258,2041,8
4119,295,1137,48
4120,308,2658,21
4121,254,2441,16
4122,104,1356,27
4123,142,1985,36
4124,190,1374,41
4125,235,1527,46
4126,295,1385,45
4127,173,276,34
4128,140,562,24
4129,353,2028,41
4130,186,1146,6
4131,41,380,18
4132,49,63,30
4133,38,1439,41
4134,289,1690,46
4135,137,1093,2
4136,292,2807,6
4137,192,2718,1
4138,383,1529,48
4139,351,2152,10
4140,80,1565,3
4141,186,2330,30
4142,164,245,11
4143,145,695,34
4144,121,2532,26
4145,43,1407,39
4146,76,689,24
4147,234,2732,8
4148,325,1509,30
4149,349,1338,7
4150,209,129,50
4151,89,1212,42
4152,231,1170,44
4153,66,428,47
4154,371,2365,12
4155,121,2879,45
4156,322,740,41
4157,389,1667,20
4158,121,13,30
4159,65,1869,30
4160,312,560,33
4161,331,1700,18
4162,180,2064,4
4163,169,1316,20
4164,381,675,44
4165,100,1414,48
4166,35,932,42
4167,149,1842,11
4168,283,1648,2
4169,106,2842,27
4170,78,2751,26
4171,154,810,42
4172,383,595,44
4173,398,2986,48
4174,123,2950,12
4175,277,1204,26
4176,258,810,2
4177,242,1493,14
4178,295,131,6
4179,210,828,33
4180,57,1913,15
4181,207,784,24
4182,284,1580,29
4183,366,614,33
4184,333,1581,28
4185,303,1454,29
4186,206,943,18
4187,202,1500,14
4188,151,2539,9
4189,235,827,7
4190,329,2148,23
4191,104,1724,12
4192,144,1104,450
4193,227,2070,393
4194,132,358,36
4195,394,3000,25
4196,202,1896,16
4197,107,631,10
4198,196,1575,46
4199,100,1429,21
4200,373,1802,25
4201,115,1872,22
4202,39,2433,4
4203,83,1835,17
4204,273,41,39
4205,86,934,16
4206,117,2854,37
4207,388,2717,19
4208,218,2863,36
4209,353,205,47
4210,376,2153,42
4211,64,1682,16
4212,183,2994,23
4213,301,1020,39
4214,48,1879,6
4215,183,687,36
4216,256,2139,31
4217,55,2914,43
4218,161,1231,47
4219,300,2940,29
4220,193,557,39
4221,218,2754,19
4222,249,2072,31
4223,250,2215,37
4224,320,708,29
4225,91,443,27
4226,31,2487,49
4227,92,804,42
4228,345,1010,44
4229,283,2276,49
4230,136,1522,12
4231,366,2431,49
4232,280,1573,21
4233,118,1669,39
4234,347,1507,17
4235,385,2225,50
4236,263,14,14
4237,340,1383,20
4238,230,617,28
4239,229,2254,11
4240,258,2515,44
4241,178,2783,15
4242,86,2536,43
4243,122,840,8
4244,344,290,50
4245,172,1148,48
4246,215,2219,40
4247,276,752,2
4248,250,2344,28
4249,283,659,44
4250,23,578,28
4251,24,2206,44
4252,355,1175,22
4253,145,1292,49
4254,101,1062,23
4255,136,691,41
4256,346,593,50
4257,248,2745,32
4258,209,624,4
4259,124,197,22
4260,99,2530,49
4261,49,1225,50
4262,22,1012,34
4263,51,2777,8
4264,327,644,1
4265,172,715,9
4266,68,773,23
4267,192,2545,23
4268,188,2469,318
4269,110,1211,17
4270,155,742,33
4271,58,1834,48
4272,90,1894,23
4273,174,1236,22
4274,46,1471,22
4275,212,681,11
4276,234,183,19
4277,153,1364,14
4278,256,2617,14
4279,44,994,21
4280,261,4,15
4281,144,1013,22
4282,153,1345,46
4283,179,2325,20
4284,377,639,8
4285,220,2589,384
4286,358,1258,33
4287,142,279,35
4288,330,664,22
4289,326,1515,38
4290,252,2854,1
4291,102,2997,8
4292,350,1867,3
4293,103,2197,16
4294,209,2983,50
4295,326,330,45
4296,364,2708,12
4297,310,427,37
4298,296,474,47
4299,389,2196,29
4300,211,579,34
4301,309,2073,34
4302,84,2266,25
4303,228,1443,31
4304,43,1820,44
4305,37,2881,48
4306,105,731,42
4307,104,2092,37
4308,161,2831,26
4309,127,931,10
4310,274,2910,30
4311,395,2775,15
4312,159,853,42
4313,206,163,36
4314,395,2295,13
4315,374,1827,34
4316,123,461,23
4317,231,968,11
4318,178,1455,38
4319,50,1193,10
4320,347,2664,47
4321,293,2826,426
4322,210,2521,5
4323,235,1858,44
4324,116,1198,26
4325,374,1844,3
4326,164,530,41
4327,198,2024,38
4328,367,1826,20
4329,379,902,37
4330,215,2325,35
4331,221,1358,18
4332,221,562,27
4333,359,2800,19
4334,381,1277,48
4335,203,148,333
4336,353,1557,36
4337,224,880,35
4338,69,772,1
4339,81,2907,46
4340,325,245,27
4341,86,2432,9
4342,260,2439,15
4343,200,2456,36
4344,357,1848,24
4345,278,1167,16
4346,130,49,42
4347,70,705,40
4348,328,2858,35
4349,194,311,7
4350,61,2274,23
4351,105,1669,7
4352,126,2254,32
4353,399,2687,24
4354,37,503,37
4355,382,457,29
4356,106,2438,32
4357,326,1723,6
4358,190,1202,2
4359,191,2890,35
4360,121,1119,37
4361,120,2477,29
4362,163,2047,5
4363,266,1003,49
4364,332,1422,16
4365,191,1333,31
4366,117,2185,43
4367,129,2027,9
4368,213,2615,8
4369,153,1869,10
4370,125,2864,1
4371,334,577,16
4372,117,1333,43
4373,262,2620,29
4374,142,2049,49
4375,62,1250,16
4376,218,649,50
4377,376,1400,318
4378,214,127,9
4379,282,1183,27
4380,348,1837,7
4381,203,2206,11
4382,176,999,37
4383,39,1442,13
4384,164,1597,11
4385,233,1869,45
4386,327,2571,17
4387,86,2350,19
4388,235,694,25
4389,68,1267,38
4390,290,1650,21
4391,37,106,19
4392,198,2086,1
4393,266,1196,37
4394,169,90,6
4395,46,2233,40
4396,107,1149,32
4397,275,2937,348
4398,247,192,22
4399,111,635,8
4400,46,2562,27
4401,348,1679,27
4402,62,681,24
4403,326,2596,4
4404,137,591,39
4405,148,2239,50
4406,239,770,303
4407,193,438,37
4408,300,835,14
4409,383,89,19
4410,202,506,21
4411,315,381,13
4412,160,2078,16
4413,25,1281,46
4414,208,2306,35
4415,44,1436,36
4416,358,1699,45
4417,170,2311,4
4418,25,2544,31
4419,79,1258,35
4420,44,966,32
4421,180,2523,25
4422,355,1714,32
4423,306,509,29
4424,35,2275,35
4425,33,2218,18
4426,203,2014,48
4427,49,402,44
4428,55,844,3
4429,364,2297,31
4430,114,2880,26
4431,124,1329,33
4432,127,2609,37
4433,289,1801,29
4434,364,835,303
4435,33,2300,41
4436,378,979,375
4437,114,514,3
4438,139,1189,47
4439,256,234,31
4440,281,2324,40
4441,158,2970,22
4442,70,1475,10
4443,188,67,29
4444,85,492,43
4445,68,751,39
4446,202,2253,8
4447,161,1164,9
4448,36,2893,17
4449,257,1414,25
4450,398,1286,10
4451,236,2049,33
4452,65,2935,13
4453,90,2214,38
4454,158,1937,33
4455,32,373,12
4456,143,622,20
4457,312,756,44
4458,46,2445,24
4459,298,960,35
4460,384,2017,2
4461,373,2349,1
4462,134,2626,41
4463,130,215,2
4464,44,218,45
4465,145,2293,45
4466,190,1054,47
4467,23,1242,15
4468,151,38,37
4469,232,1832,22
4470,73,1341,17
4471,267,72,49
4472,344,2565,29
4473,87,998,7
4474,27,1047,28
4475,163,460,33
4476,355,2260,38
4477,80,1256,15
4478,361,2738,49
4479,376,2656,9
4480,75,2960,1
4481,351,2486,6
4482,171,2337,36
4483,25,2130,30
4484,125,548,15
4485,308,1976,28
4486,318,1751,17
4487,224,2155,2
4488,192,1547,10
4489,126,473,16
4490,89,1501,49
4491,61,2641,12
4492,57,1973,4
4493,304,1999,6
4494,71,441,45
4495,164,1440,36
4496,175,2602,27
4497,41,1080,45
4498,187,1672,21
4499,122,2319,22
4500,103,332,12
4501,356,2271,39
4502,233,146,21
4503,286,2994,45
4504,222,2232,429
4505,301,2636,41
4506,131,394,49
4507,24,2719,24
4508,33,1951,25
4509,140,1551,39
4510,257,1122,34
4511,351,1173,8
4512,400,1675,8
4513,105,2919,45
4514,182,1831,18
4515,145,1925,34
4516,386,2298,6
4517,34,791,6
4518,116,166,20
4519,212,2959,46
4520,306,1198,32
4521,180,1159,49
4522,272,255,321
4523,229,877,39
4524,400,991,2
4525,266,994,16
4526,323,1351,34
4527,142,757,41
4528,368,1970,4
4529,309,2553,22
4530,346,2825,39
4531,189,116,50
4532,361,64,48
4533,237,2188,35
4534,380,2064,34
4535,63,69,5
4536,289,2474,384
4537,132,1114,306
4538,351,175,22
4539,332,2567,17
4540,338,2728,27
4541,163,116,50
4542,273,1781,34
4543,298,1663,27
4544,202,894,20
4545,356,1463,39
4546,48,2330,23
4547,196,480,37
4548,394,620,24
4549,218,2256,47
4550,249,2941,41
4551,278,1990,2
4552,235,2892,8
4553,292,96,47
4554,233,1516,20
4555,174,228,4
4556,270,615,18
4557,136,1376,14
4558,26,2350,37
4559,201,2241,33
4560,353,2222,10
4561,233,2251,29
4562,289,2930,36
4563,224,2750,14
4564,237,2535,43
4565,234,2896,1
4566,135,66,50
4567,392,993,47
4568,324,2002,8
4569,155,2108,11
4570,186,2574,31
4571,356,1185,28
4572,309,1422,9
4573,187,2616,49
4574,395,1356,8
4575,325,519,10
4576,107,2856,20
4577,188,819,14
4578,333,2962,50
4579,326,152,1
4580,216,118,435
4581,142,2226,28
4582,34,1828,34
4583,209,1722,11
4584,255,2098,33
4585,337,2758,17
4586,182,43,47
4587,269,1925,10
4588,373,501,8
4589,281,857,324
4590,363,463,10
4591,77,157,16
4592,117,357,9
4593,309,2225,20
4594,109,2745,32
4595,115,2527,38
4596,189,809,2
4597,122,2853,37
4598,263,1892,23
4599,289,1870,24
4600,398,795,5
4601,100,1952,48
4602,280,469,46
4603,77,102,432
4604,35,845,6
4605,169,576,24
4606,185,1005,3
4607,317,938,14
4608,199,1600,40
4609,134,2876,35
4610,332,486,39
4611,338,2283,10
4612,209,2452,29
4613,206,2644,29
4614,192,2798,48
4615,27,1537,50
4616,213,2974,10
4617,205,2638,45
4618,299,1920,19
4619,111,432,41
4620,350,2197,47
4621,234,225,49
4622,145,1435,9
4623,292,2892,2
4624,87,1962,50
4625,142,2941,40
4626,98,2118,37
4627,296,196,43
4628,309,1943,31
4629,294,2611,26
4630,25,1748,8
4631,399,315,44
4632,374,542,37
4633,395,1353,18
4634,169,2707,10
4635,193,1357,45
4636,66,867,18
4637,298,149,26
4638,121,1948,30
4639,82,2433,5
4640,327,2702,17
4641,237,1015,40
4642,312,2273,24
4643,41,2696,36
4644,284,501,22
4645,59,2766,12
4646,375,962,15
4647,260,2233,48
4648,201,1992,33
4649,250,404,22
4650,344,368,6
4651,260,1964,43
4652,251,1208,49
4653,153,543,39
4654,322,2088,9
4655,41,777,48
4656,162,2560,3
4657,252,2979,31
4658,206,2120,40
4659,283,1554,14
4660,319,2461,9
4661,175,951,41
4662,100,847,19
4663,93,1124,23
4664,301,1504,44
4665,125,1722,8
4666,115,1487,25
4667,395,1632,17
4668,395,610,3
4669,261,2764,2
4670,107,1315,39
4671,362,2942,40
4672,116,278,45
4673,202,96,32
4674,65,1610,31
4675,140,425,45
4676,129,392,16
4677,117,777,48
4678,112,33,15
4679,47,51,25
4680,55,2288,23
4681,27,1480,28
4682,185,1678,27
4683,210,1375,47
4684,194,1470,28
4685,306,508,44
4686,391,2218,8
4687,62,2222,27
4688,59,973,8
4689,252,1037,18
4690,25,2368,9
4691,344,2332,31
4692,68,2244,47
4693,67,424,43
4694,394,789,17
4695,169,1324,38
4696,310,2703,50
4697,349,2840,7
4698,205,2238,29
4699,218,532,27
4700,51,1683,43
4701,297,991,29
4702,374,1175,26
4703,395,1978,306
4704,209,2327,3
4705,98,1346,16
4706,21,1917,31
4707,32,2284,18
4708,60,1220,36
4709,233,1766,42
4710,145,1344,26
4711,163,1085,6
4712,346,1773,49
4713,105,538,12
4714,390,1025,44
4715,176,1331,49
4716,259,745,7
4717,260,777,9
4718,166,2184,16
4719,182,271,43
4720,138,2865,21
4721,263,115,12
4722,366,2973,42
4723,196,2228,29
4724,338,359,19
4725,291,1198,7
4726,24,2485,47
4727,250,2013,11
4728,324,1012,11
4729,337,2945,47
4730,309,716,378
4731,378,2630,9
4732,208,1012,30
4733,52,2481,44
4734,190,2093,37
4735,79,420,14
4736,20,74,48
4737,56,603,32
4738,336,543,28
4739,108,2405,399
4740,330,1665,23
4741,399,2810,39
4742,147,234,49
4743,101,1108,10
4744,283,1212,19
4745,229,102,2
4746,338,2732,38
4747,185,788,22
4748,158,2980,33
4749,94,292,37
4750,197,1335,34
4751,156,2366,327
4752,89,2498,22
4753,178,321,21
4754,288,161,43
4755,204,2678,32
4756,163,2314,38
4757,308,1635,24
4758,344,2865,11
4759,157,613,45
4760,205,73,42
4761,305,2934,22
4762,109,2809,22
4763,208,926,30
4764,78,2469,2
4765,138,258,25
4766,226,2569,32
4767,393,2012,345
4768,288,2490,26
4769,191,2367,24
4770,175,2644,13
4771,329,157,50
4772,266,2648,6
4773,55,175,11
4774,96,1571,50
4775,94,2394,18
4776,161,2186,4
4777,224,2843,9
4778,247,53,16
4779,312,2375,6
4780,339,851,38
4781,104,2197,35
4782,262,2960,13
4783,293,2283,40
4784,363,1530,38
4785,272,1927,5
4786,226,1825,39
4787,371,2528,9
4788,158,1762,3
4789,124,145,49
4790,174,233,39
4791,118,1531,40
4792,308,1013,10
4793,54,2372,27
4794,247,1648,12
4795,38,1087,46
4796,259,2264,363
4797,209,251,1
4798,152,219,17
4799,185,414,18
4800,93,2738,25
4801,354,1347,15
4802,359,2418,34
4803,158,216,50
4804,36,1669,17
4805,66,1344,15
4806,303,2564,29
4807,94,1365,37
4808,163,273,22
4809,373,2400,49
4810,122,278,1
4811,391,831,7
4812,313,329,40
4813,295,2323,393
4814,246,433,27
4815,246,340,26
4816,279,2812,3
4817,245,1914,21
4818,206,2048,4
4819,136,2546,31
4820,391,2512,41
4821,40,337,20
4822,271,1401,6
4823,345,2131,11
4824,43,938,50
4825,154,1628,44
4826,132,1450,33
4827,61,2908,34
4828,334,813,37
4829,86,588,9
4830,290,2051,14
4831,145,1758,34
4832,198,247,32
4833,72,2792,7
4834,312,2220,39
4835,381,2591,39
4836,138,1023,34
4837,39,2752,7
4838,230,2814,46
4839,31,1409,321
4840,196,503,4
4841,209,2138,39
4842,135,1032,7
4843,351,1226,17
4844,340,2154,4
4845,177,2151,9
4846,81,2924,4
4847,308,2625,15
4848,54,551,4
4849,372,1391,8
4850,59,1307,4
4851,152,1124,36
4852,305,1786,7
4853,205,1526,23
4854,130,1582,36
4855,240,2843,10
4856,272,1865,32
4857,190,2049,41
4858,85,2488,4
4859,300,579,34
4860,321,2823,29
4861,142,1718,14
4862,345,1252,21
4863,164,605,32
4864,153,1313,12
4865,151,475,3
4866,95,2333,48
4867,396,2808,4
4868,74,746,3
4869,41,175,29
4870,156,35,49
4871,103,2867,25
4872,161,2331,48
4873,57,326,37
4874,266,1917,11
4875,346,1065,32
4876,113,1901,8
4877,219,1328,37
4878,210,817,23
4879,285,166,31
4880,50,1096,4
4881,289,1074,6
4882,75,1711,49
4883,23,2242,34
4884,338,90,42
4885,222,2593,32
4886,128,2228,11
4887,382,176,6
4888,207,1921,15
4889,277,1142,19
4890,210,140,30
4891,328,378,48
4892,81,2065,11
4893,68,2047,44
4894,364,2057,42
4895,83,2722,23
4896,141,642,11
4897,391,2052,40
4898,382,1655,35
4899,108,1528,41
4900,201,1412,38
4901,383,1727,372
4902,116,2635,11
4903,383,160,42
4904,92,2719,12
4905,301,46,15
4906,255,283,6
4907,74,1947,34
4908,308,2363,42
4909,392,1545,28
4910,119,752,42
4911,303,2380,47
4912,312,858,1
4913,201,1858,30
4914,338,2715,49
4915,293,1568,6
4916,71,254,21
4917,150,1323,41
4918,348,713,5
4919,364,1495,3
4920,141,2364,28
4921,197,1751,12
4922,378,1045,49
4923,313,2349,37
4924,147,734,33
4925,302,101,15
4926,199,811,29
4927,316,1617,381
4928,281,454,35
4929,96,1048,18
4930,248,1917,19
4931,55,35,7
4932,39,2312,14
4933,137,234,7
4934,56,177,30
4935,74,1817,49
4936,210,1140,11
4937,22,2830,25
4938,269,1485,14
4939,368,2151,30
4940,97,2842,13
4941,173,2586,6
4942,311,2142,28
4943,216,2004,13
4944,368,2151,39
4945,139,2180,33
4946,278,1877,28
4947,287,2471,19
4948,22,1142,42
4949,180,1252,13
4950,117,1389,32
4951,109,2347,15
4952,42,1718,36
4953,29,374,44
4954,121,906,24
4955,318,297,25
4956,123,2629,9
4957,363,1142,34
4958,123,1985,28
4959,182,332,4
4960,378,2409,363
4961,165,1951,26
4962,262,2490,16
4963,100,2868,39
4964,206,908,39
4965,398,2280,12
4966,194,1336,36
4967,255,1573,27
4968,55,1482,2
4969,121,1836,42
4970,303,2171,31
4971,171,1984,33
4972,242,2133,47
4973,131,299,39
4974,134,1875,46
4975,187,501,45
4976,227,1130,38
4977,98,1322,13
4978,297,371,13
4979,139,856,30
4980,240,1021,11
4981,253,329,15
4982,192,383,16
4983,35,2569,18
4984,29,2746,9
4985,49,747,5
4986,393,961,23
4987,163,1664,44
4988,260,761,47
4989,118,1793,32
4990,309,1279,36
4991,102,2226,42
4992,162,2559,14
4993,317,511,28
4994,320,1935,28
4995,73,2753,37
4996,110,1665,18
4997,28,1615,4
4998,110,1079,33
4999,348,2696,20
