76,5,0
147,5,0
2184,4,0
3894,1,1
2084,1,1
1039,3,2
4280,7,4
3094,7,5
1217,4,5
3795,6,6
994,6,6
3733,6,6
217,2,7
1126,1,9
2727,2,10
3567,0,10
1032,2,11
1697,0,13
2078,0,13
4158,3,13
4236,6,14
2486,5,14
3083,0,15
646,7,19
3844,0,16
2707,6,16
1483,6,28
2774,2,31
2324,6,32
3290,1,39
1525,0,27
2867,2,32
2748,0,42
1554,3,43
3568,3,43
288,6,45
3392,2,45
132,2,45
4931,3,43
4678,4,46
4905,0,51
338,5,50
3900,7,53
4204,3,52
207,1,50
2666,2,52
2540,1,54
3910,3,62
10,0,59
1641,4,61
4778,0,59
389,0,65
1950,5,65
3709,4,67
1007,3,66
301,6,75
334,7,69
4535,4,69
3948,0,75
362,2,67
1750,2,77
873,1,77
1437,3,74
2478,6,83
1120,5,89
1298,2,89
4532,7,92
1443,0,93
4443,7,92
4079,2,89
705,3,94
3129,2,98
1866,1,100
4471,6,118
4760,1,100
960,3,94
2736,2,98
1226,4,74
2200,0,93
90,4,101
661,0,121
4745,7,121
3522,0,129
3679,2,131
43,0,136
2910,2,138
4394,7,123
456,5,132
2941,2,138
863,4,104
3011,7,140
4409,0,142
4925,3,143
2416,5,144
4011,7,140
2971,2,147
2307,1,142
3597,3,143
315,4,107
1595,0,149
2104,6,118
4080,4,116
3096,2,147
3558,1,149
1825,5,55
4603,7,102
3167,2,151
4721,0,149
1271,7,157
2996,1,154
1555,3,158
3879,4,117
998,2,60
1085,0,85
408,7,123
4736,6,74
2766,6,51
4580,0,118
2842,4,106
2455,2,65
477,2,103
2554,3,36
3350,0,161
1317,3,160
663,7,157
4378,1,160
3772,0,161
1943,5,162
71,0,162
703,2,151
2702,3,163
4083,2,167
1810,2,167
4884,6,167
495,1,170
3304,0,173
3116,6,167
600,7,177
2661,5,162
3931,7,177
357,0,181
4673,3,182
4553,5,184
2558,6,175
322,3,186
1977,0,188
4008,6,209
2552,2,209
3502,2,209
1110,6,209
3895,4,129
4114,3,186
785,1,170
4335,7,148
1308,3,157
2417,0,137
693,6,33
1490,4,65
2440,0,77
2211,2,50
4132,4,63
783,6,60
461,7,113
3147,0,137
4679,3,51
1216,0,106
4391,5,106
4579,2,213
3740,2,214
26,3,214
4178,0,216
1982,2,218
368,3,220
478,1,191
1463,1,220
3169,7,214
3268,7,222
937,0,222
365,0,222
2288,2,226
3192,0,225
4637,7,229
4502,5,231
903,3,220
2349,3,237
1046,3,237
1024,7,241
169,1,241
1884,1,241
4890,0,242
4771,6,248
2202,0,250
3300,5,252
2639,0,252
1099,2,254
4074,0,252
2576,7,255
4591,1,241
1536,2,256
3213,5,252
3983,2,256
1464,4,158
3930,6,248
2893,4,163
1580,0,162
3017,5,183
4869,5,175
2624,0,173
3784,0,164
4028,0,185
4934,1,177
2390,6,163
3055,7,103
1651,3,157
1759,4,39
159,4,132
2968,6,132
1820,2,39
1974,0,78
545,6,160
2887,3,52
798,1,42
1262,3,25
4789,2,145
2297,3,92
2164,3,265
2844,1,267
1602,3,267
2487,1,269
4887,3,271
1560,7,273
1717,1,274
1709,0,272
1314,3,277
850,7,279
2314,2,256
2768,1,281
294,3,277
3748,5,281
3613,0,286
2872,3,289
4538,5,288
2740,4,188
2782,3,289
1751,6,193
583,1,199
1842,1,295
3658,0,286
643,4,199
3174,2,293
1747,7,292
494,0,288
1323,0,298
1801,6,298
2796,2,293
2615,1,298
4276,7,300
1475,2,303
4398,0,301
1354,2,304
426,0,307
3868,3,310
3067,7,319
4879,0,311
4903,6,320
1374,5,310
2159,0,323
1101,1,323
38,5,336
2907,7,319
623,2,337
4627,2,339
3319,0,342
2726,5,336
3961,0,343
124,1,323
4754,3,348
3117,7,360
1150,2,339
3462,0,352
4518,4,201
4313,3,348
4259,7,360
100,1,337
4773,5,341
367,6,362
3586,2,363
2035,6,364
2330,5,352
4463,7,360
2176,2,364
1156,6,366
1416,1,371
1729,2,369
450,5,373
728,6,375
1426,2,382
2337,1,387
448,2,387
4798,1,387
1669,5,373
2147,3,384
4209,0,389
1598,2,387
3103,3,391
2645,7,382
73,4,221
2811,4,221
1341,0,391
397,0,391
3345,0,394
3490,5,402
4555,0,397
2642,0,401
2637,4,238
3381,0,408
2026,6,408
2879,3,404
4933,4,242
3979,5,409
3014,3,219
2398,7,410
1542,1,404
2061,2,414
4142,3,413
1888,7,416
4024,0,417
2953,1,421
668,1,421
3564,6,425
4340,2,426
2785,5,428
2130,7,432
3473,0,434
1973,2,434
3044,7,436
4439,0,436
439,0,440
423,6,425
1061,3,441
2686,1,443
4832,2,434
3034,1,443
2992,6,436
3773,6,447
4621,2,453
1260,4,249
4790,5,453
1348,6,447
2146,2,453
114,6,250
4096,6,209
1773,3,226
3024,7,227
45,7,250
246,3,214
4522,0,255
4464,3,218
3916,6,255
49,5,250
3848,0,264
1391,3,271
3862,6,457
4797,6,458
339,0,463
2409,6,459
1802,6,464
3155,7,462
2466,5,453
337,0,463
802,4,272
3289,5,459
4810,4,278
3970,5,269
4030,0,197
1064,4,278
1879,0,467
3156,4,279
1766,0,467
3308,7,468
749,7,470
797,5,211
1292,2,472
2233,5,472
1732,0,473
1544,7,472
1407,6,471
892,1,471
310,0,475
2995,2,474
2878,7,476
2296,2,486
3531,1,483
1876,0,475
1258,7,490
3165,5,484
405,1,488
3565,3,490
4808,3,490
3538,2,498
2555,6,501
1125,6,501
3188,5,492
2841,0,497
4765,4,281
3457,6,287
2404,0,290
3814,7,286
335,7,238
2571,2,235
2206,2,273
1227,0,259
4749,6,292
4672,5,278
1184,4,208
1289,0,113
2697,3,163
4566,1,66
3432,6,33
3333,2,54
669,5,57
782,0,504
2352,0,505
2849,0,509
4906,0,509
2157,7,511
2027,4,306
171,1,512
4349,5,505
47,0,515
808,5,515
2652,0,516
1169,2,502
3752,1,516
435,7,520
2535,0,516
230,7,521
3747,2,524
489,5,530
1108,0,530
4955,0,532
3627,0,532
3303,1,533
3396,2,538
105,7,533
2017,7,538
3293,3,539
511,6,546
2567,5,547
2809,2,547
3478,7,553
905,0,557
3402,0,557
3200,0,557
4244,1,568
417,4,311
149,6,546
2728,2,547
1965,1,568
3053,2,576
1487,7,574
2911,5,579
931,3,580
2894,7,583
1238,2,586
3236,6,588
2141,2,589
4631,0,598
3351,3,580
4753,6,588
293,7,583
726,5,595
608,2,589
4127,0,598
927,4,324
954,1,569
447,0,598
3161,1,569
67,4,348
1030,6,322
3039,1,311
4873,2,326
1741,6,332
1189,2,335
201,3,319
61,7,323
4821,3,337
3146,6,317
2838,7,315
287,2,182
3860,6,173
1267,2,97
153,6,147
4742,5,234
4346,3,49
2621,3,598
1220,0,256
4959,3,599
805,3,599
3815,3,605
3431,7,603
3730,2,604
4981,6,616
1925,6,616
16,3,617
1276,6,616
3104,4,349
2917,4,357
2792,0,598
3259,7,611
1035,1,618
4592,3,617
3937,2,622
644,7,624
2271,2,625
1102,7,624
113,4,358
4815,3,626
3765,4,353
2676,5,359
3190,3,370
2641,7,366
1243,2,368
986,6,359
1103,7,31
1078,0,143
4803,5,216
1789,7,239
462,7,328
4870,3,35
1143,4,102
4650,0,632
1387,0,638
4978,6,631
1990,6,638
3428,3,638
4724,1,641
358,0,642
3829,2,647
922,0,643
2945,7,646
688,6,644
1197,5,644
2948,3,651
4500,2,647
3379,7,651
1905,0,658
4110,2,660
1552,3,652
4812,6,653
786,1,660
3529,0,658
3245,7,664
1404,0,665
859,5,666
2294,7,664
4295,2,671
1261,6,671
766,2,671
1450,3,690
920,6,693
118,0,686
3323,7,693
291,4,371
3528,7,693
2453,1,660
2400,3,690
2807,2,704
1748,2,704
2529,1,705
3202,0,706
1001,6,707
2267,2,705
2024,7,693
3280,1,707
3915,2,712
4411,5,713
2332,0,713
3363,0,714
2181,1,707
4982,6,714
3249,5,713
4067,2,716
1419,1,721
3804,5,726
2362,0,714
552,4,387
4891,2,726
560,0,399
1930,2,401
1065,0,374
1856,1,378
4953,1,374
860,6,373
4427,4,402
987,6,733
3450,3,734
1145,6,734
455,2,726
704,0,733
1675,6,734
2638,7,735
1152,3,739
4649,3,739
889,0,742
1127,4,404
1246,6,744
1484,2,734
302,0,745
3566,6,745
404,7,740
37,4,414
2575,0,748
1719,3,405
750,4,422
4693,6,424
1411,2,376
1294,7,401
3683,3,404
4131,4,380
3500,0,380
1160,2,752
1364,7,751
2760,0,757
3109,4,424
3183,1,759
4153,5,428
2646,1,381
4455,3,373
4506,6,394
4675,6,425
3302,2,759
125,7,753
2803,7,760
1852,6,751
1357,1,761
3343,3,761
4799,3,761
3299,2,759
2469,1,761
2915,6,763
1021,2,764
3232,5,766
4297,0,772
4676,4,428
3349,5,766
2248,7,766
1250,2,764
1634,6,768
441,0,772
1663,5,440
2979,7,441
4494,0,441
4619,6,432
4541,3,116
4016,1,18
250,0,26
3906,4,31
4973,1,299
1418,2,774
3866,6,768
3070,7,766
2056,0,772
2001,2,774
2793,0,776
2985,2,777
1372,2,784
235,7,785
4814,6,779
4108,3,791
3614,0,792
1435,2,794
3708,1,794
527,5,799
3825,6,801
2901,3,791
3058,0,809
1545,2,795
2128,2,812
1434,7,812
2178,3,811
2999,0,809
2830,1,794
3133,6,806
3136,4,444
904,7,812
4735,6,806
163,0,830
2229,6,830
3114,2,830
1337,2,830
1497,3,831
820,0,834
1591,6,833
553,3,835
2067,2,838
1828,0,840
1779,6,833
1161,2,840
2797,1,841
17,1,841
4928,6,842
1355,4,456
2003,5,844
2843,7,462
1438,5,451
1476,1,467
800,0,469
1657,3,450
3460,3,470
757,1,472
2836,7,470
3388,3,854
3631,7,851
3089,6,849
4590,3,858
3018,7,858
855,1,841
3728,2,840
4355,0,859
2579,7,858
532,6,856
3685,0,859
1714,2,862
1187,4,473
2304,3,858
4489,1,861
2810,2,862
4865,1,861
2607,1,866
1072,0,865
3463,2,863
2270,3,868
1088,7,871
3850,6,877
4298,7,872
4602,1,877
3763,2,876
1003,3,877
174,0,878
2617,4,483
3835,3,878
554,1,877
4840,6,880
1116,5,479
2565,7,478
4354,5,503
2494,2,496
4444,2,492
3768,7,481
2671,2,481
1377,2,477
3346,1,495
4225,3,443
4916,1,254
4002,5,179
168,3,497
281,4,118
599,0,422
219,5,468
182,1,321
3082,7,403
2829,6,120
2121,1,186
2718,6,477
3008,6,884
4588,0,888
1615,5,893
3846,0,888
1359,0,896
1769,6,889
3754,1,886
2454,2,902
2675,0,915
1609,1,894
4644,7,903
1551,5,903
1400,6,901
3560,4,506
2543,2,902
569,0,915
445,6,920
4437,4,516
1247,7,919
44,2,920
3996,3,921
2683,4,519
1519,3,515
381,6,515
4575,6,922
879,6,922
4993,2,922
3475,1,923
4423,7,925
366,3,927
1829,5,931
4410,1,923
4610,6,932
2931,3,927
40,0,941
3841,0,942
3341,0,942
605,7,941
793,1,945
1944,2,950
2091,4,521
4685,2,951
574,3,949
1202,1,945
518,6,932
3945,2,951
1077,3,953
3238,7,954
3881,3,959
3279,5,962
1613,6,971
2158,7,964
2322,1,966
138,2,951
4699,6,971
607,7,974
2857,0,979
543,3,979
779,3,979
3588,0,982
4316,4,535
4547,0,982
1008,0,982
2464,1,983
3255,5,985
444,0,557
200,7,541
3607,3,541
2358,3,531
3831,6,524
3817,5,514
2986,4,527
715,2,527
3292,7,551
3005,5,536
420,5,513
4022,4,533
1695,5,986
3125,4,558
1647,1,983
1468,6,561
2281,1,987
632,5,989
1526,1,988
3270,2,988
2321,4,561
313,2,993
1218,3,566
2262,6,567
3398,4,430
3401,6,99
4194,3,358
810,5,288
1575,4,409
1457,6,81
1090,2,994
1620,7,995
1342,4,568
2424,2,996
3575,6,997
97,2,996
3395,2,997
2592,7,995
2951,7,1001
2934,5,1005
1871,6,998
2882,2,1002
319,1,1005
3243,7,1005
4848,3,979
4738,6,1016
3642,1,1008
4632,2,1019
3427,7,1019
438,7,1021
4160,2,1022
1027,0,1023
2965,4,571
4713,2,1022
3209,3,1023
4484,1,1020
2422,1,1020
4332,6,1016
3849,0,1026
4371,5,1027
1153,0,1027
1368,0,1027
3664,1,1034
4859,0,1037
3122,5,1043
3340,6,1044
2113,1,1035
2482,7,1047
4605,2,1034
3033,2,1056
380,6,1044
1263,7,1052
3512,0,1046
4300,2,1056
2889,4,583
4128,1,1055
3903,2,1058
3541,4,599
3778,0,1046
2625,1,1065
3324,0,1066
2426,3,1066
3353,1,1071
2550,0,1071
1215,0,1071
1711,3,1079
4829,2,1058
2168,6,1092
4172,1,1095
1401,4,600
4256,5,1086
924,0,1073
1823,7,1086
3572,6,1092
1737,2,1090
2117,0,1100
422,7,1100
2111,0,1105
732,2,1100
2452,2,1106
3823,0,1107
3331,0,1109
4407,3,1119
2605,3,1119
640,0,1109
2048,2,1123
4863,7,1126
1461,6,1128
3140,7,1129
195,7,1129
4220,6,1135
4475,6,1135
2606,3,1119
3066,5,1136
634,1,1139
35,1,1139
3060,2,1140
203,2,1141
1093,2,1141
1079,0,1142
1812,0,1142
841,5,1136
2086,0,1142
4084,3,1153
413,0,1156
1158,3,1153
2932,0,1156
1891,3,1156
4719,7,1164
4150,6,1168
1474,2,1168
4975,6,1170
1338,3,1156
1783,5,1157
683,6,1174
264,3,1173
4468,7,1164
4042,7,1176
1451,2,1179
758,0,1180
4287,2,1182
3593,5,1183
4326,1,1185
880,2,1182
2217,7,1176
3830,3,1177
2467,4,606
4668,0,1189
4258,2,1187
1768,1,1188
1804,0,1192
4548,3,1199
4556,1,1196
4183,0,1200
3404,0,1203
2814,7,1207
359,2,1212
4238,7,1213
3045,1,1214
3677,5,1189
4456,6,1215
1916,7,1213
3957,2,1217
1083,5,1215
3180,1,1214
934,6,1217
4653,6,1218
3644,6,1218
2371,3,1203
500,2,1217
4586,0,1219
2819,3,1223
402,4,628
619,0,1219
2725,7,1219
4531,3,1223
1646,5,1222
4404,1,1226
4264,0,1233
2711,0,1234
828,0,1235
3433,1,1229
3537,0,1236
3576,7,1237
4284,0,1238
1272,0,1239
1173,7,1240
3361,2,1242
1956,1,1245
3257,0,1245
111,0,1246
1122,7,1241
1960,2,1242
772,6,1235
714,7,1247
1898,7,1251
2172,2,1251
4288,2,1251
641,0,1253
2092,1,1252
4399,4,665
2016,6,1254
232,3,1237
1285,6,1256
3798,0,1257
1017,2,1262
1176,5,1262
3518,7,1263
2300,6,1257
4896,4,673
3298,3,1242
1539,3,1251
4097,6,601
274,2,667
2232,0,632
1269,7,637
2389,6,589
2407,7,1267
4275,1,1265
1004,3,1261
2445,2,1265
519,6,1268
2215,4,684
4017,1,1270
4250,0,578
525,5,630
1186,4,576
375,6,626
1410,3,682
794,3,1272
3470,0,1273
3670,3,1273
1708,4,692
3099,2,1274
4197,0,1273
946,6,1273
2279,7,1273
2580,1,1276
347,0,1273
1915,2,611
3731,4,598
536,5,651
851,2,669
4737,2,603
1376,3,667
385,1,1278
3177,3,1278
1566,7,1277
2301,0,1274
1111,0,1279
1191,1,1283
498,5,1280
514,4,704
2798,2,714
4347,3,705
799,7,576
15,0,583
1068,7,693
3791,7,616
3313,6,682
2498,0,664
36,3,698
1665,0,1283
4918,2,1286
3429,3,1284
3195,5,1280
1210,0,1286
1175,3,1289
4075,0,1290
3628,2,1291
3334,7,1291
4224,0,1294
3942,3,1295
449,6,1290
538,5,1302
3988,7,1303
932,6,1305
1239,2,1305
4388,7,1303
3497,0,1300
429,3,1295
3913,0,1305
719,2,1310
1460,4,714
2957,3,1312
3711,6,1313
3659,3,723
3110,3,725
4730,6,716
1833,7,730
2019,0,730
1666,1,1317
3639,2,1310
4098,4,730
2105,3,1314
4265,0,1305
2861,0,1314
2284,7,732
1056,7,652
4306,7,731
1726,0,1322
1105,6,1320
592,2,1318
1370,1,1317
3262,0,1323
2629,4,734
453,0,1323
3495,7,1328
4716,1,1328
85,1,1328
1381,5,742
586,7,740
258,5,604
1075,1,688
4402,7,681
686,3,681
316,0,724
2958,7,605
2456,0,629
2256,0,601
2920,2,606
1022,0,1328
4868,4,746
3926,3,1331
548,3,1331
3598,2,1333
3523,1,1335
3888,0,1337
4985,1,1335
342,7,1338
4164,6,1339
845,5,1336
637,7,1338
3400,0,1337
2832,0,1341
2034,6,1339
2179,2,1335
3871,3,1346
4156,2,1343
437,2,1365
351,1,1372
2334,0,1376
3477,5,1375
3514,7,1380
1516,5,1375
2522,6,1383
386,6,1383
499,2,1384
3101,1,1372
1832,0,1386
2201,3,1346
606,2,1384
4249,0,1386
3412,3,1396
2870,7,1380
3124,3,1396
1194,5,1386
3489,2,1411
1947,1,1377
1933,7,1403
2653,2,1411
3179,5,1411
179,1,1420
3610,5,1411
944,4,749
4215,2,1414
2773,1,1420
4247,6,1421
23,0,1426
2930,6,1423
3602,0,1426
3636,2,1422
2763,7,1427
3030,0,1429
625,6,1429
1181,4,765
3617,6,1429
2860,3,1428
4338,4,776
1299,2,1438
4717,0,1430
3476,4,777
2825,3,1430
3720,3,1430
83,0,1439
254,0,1439
170,3,1445
1237,4,783
4406,5,770
4655,6,777
2935,1,761
1488,3,764
78,2,770
4445,3,751
3386,0,764
120,1,786
1251,2,772
446,0,1447
1278,7,1435
2614,0,1447
3545,3,1445
4694,2,1449
907,0,1447
4072,7,1453
751,0,1450
3959,5,1452
4181,2,1450
4747,3,1450
1617,0,1454
1094,6,1463
454,1,1458
3992,2,1466
3358,5,1452
1496,6,1463
4457,2,1474
3273,5,1466
4078,4,794
3434,3,1472
1902,3,1475
1955,4,794
2428,1,1467
3010,2,1474
667,0,1454
2499,7,1453
4517,4,794
1154,5,1484
3131,7,1484
4600,7,1487
631,3,1475
3978,4,805
1629,1,1483
503,0,1490
748,7,1492
3160,5,1487
3032,3,1491
3543,0,1502
2049,1,1504
1792,7,1492
2905,2,1483
1692,4,808
742,0,1502
4988,6,1502
760,1,1504
3865,0,1502
2940,6,1504
1567,7,815
229,4,802
1512,1,816
1818,2,810
3411,6,807
3481,2,824
3762,3,802
2470,4,821
2374,4,815
1963,4,815
4227,4,804
556,0,1507
4176,0,1508
4596,3,1506
4189,7,1509
2223,0,1510
1506,0,1514
51,2,1515
84,7,1516
4577,3,1508
3821,6,1504
2713,5,1515
2966,2,1518
3779,7,1516
914,3,1524
1300,0,1525
4878,3,1524
4828,0,1530
3288,2,1532
1107,5,1535
4926,2,1532
1441,7,1536
678,0,1534
3956,7,1536
2341,2,1546
2988,6,1510
906,0,1534
1699,1,1546
4270,2,1546
549,6,1538
2074,1,1546
4924,3,1547
2501,1,1546
709,6,1549
4376,6,1550
1340,3,1553
3004,0,1548
4143,3,1553
1954,7,1536
2275,6,1550
4105,4,827
871,0,1561
4811,0,1567
1784,6,1567
2660,2,1569
1817,0,1567
4408,5,1572
4428,7,1547
144,0,1574
4036,2,1580
2381,6,1572
3953,3,1580
4243,4,844
1277,2,1580
2021,0,1581
186,7,1584
2150,1,1580
3928,6,1583
1628,2,1583
2401,4,852
4912,0,1581
3569,7,1585
2827,0,850
1523,2,847
913,5,843
1922,7,829
4589,6,857
262,1,836
4434,7,835
2719,3,829
788,2,857
594,6,860
3546,6,854
2507,7,1589
372,1,1589
3503,5,1586
259,0,1582
3187,0,1593
4061,3,1593
1009,7,1589
2588,6,1595
2982,5,1586
1537,1,1597
192,0,1594
1713,2,1599
4112,2,1599
3935,7,1600
4780,5,1605
3990,7,1606
1248,0,1610
710,4,860
2484,2,1611
650,6,1600
1325,1,1597
3729,2,1614
81,6,1600
838,0,1616
3337,7,1618
720,0,1618
935,1,1600
2474,2,1619
1572,3,1624
8,6,1627
4005,3,1624
4179,2,1623
317,6,1627
1417,1,1608
1607,1,1631
4604,0,1618
4057,1,1631
4662,4,876
2536,0,1633
2856,7,1637
4544,7,1638
3994,5,1643
1753,4,895
877,4,911
2739,4,903
3912,7,861
2963,7,864
2392,7,864
2553,6,906
3073,5,903
1521,6,897
1957,6,867
1316,3,900
3710,4,890
4677,2,777
2850,4,892
3465,4,891
4070,6,812
2503,0,766
1541,6,856
3967,0,1649
3760,4,912
295,3,1648
3305,2,1643
3559,7,1651
4081,0,1651
2219,0,1652
2500,0,1652
3403,2,1656
1689,2,1659
3780,3,1661
4329,0,1664
3214,7,1667
2790,6,1663
3665,1,1669
197,7,1667
2120,0,1670
4337,0,1670
2196,5,1676
4071,6,1677
4523,2,1683
4964,2,1683
69,2,1688
1703,2,1688
4954,3,1661
3501,1,1669
1195,7,1688
2053,3,1692
1245,3,1692
2446,6,1692
2391,0,1701
1909,6,1692
1190,0,1705
4979,4,914
1284,1,1703
409,7,1707
1855,0,1705
562,1,1710
1225,1,913
4166,2,932
4824,1,938
2311,6,923
3812,3,931
1087,2,858
1869,0,809
2132,1,764
4910,5,752
324,4,901
3472,7,933
4266,7,773
3205,1,774
2692,6,580
2914,0,1719
515,4,944
2195,1,1711
3554,1,1719
2070,2,1722
1660,1,945
2458,1,945
1200,5,1722
472,0,1725
4607,2,1725
3149,2,1731
868,0,1725
2406,1,1729
2822,6,1732
2465,5,1727
4309,4,946
3154,2,1731
3771,7,1729
3626,4,947
4146,7,689
1472,7,1732
3645,3,1734
566,0,1736
2080,7,1736
3250,3,1742
3874,2,1745
4186,1,1740
1010,0,1745
3274,2,1751
470,6,1736
3006,1,1749
2361,5,1755
1579,4,956
1594,6,1752
2681,2,1751
3700,0,1755
1310,0,1755
3542,7,1756
3275,7,1756
4086,7,1759
4646,6,1762
4986,7,1764
3694,0,1775
1104,3,1775
4459,2,1775
713,1,1776
2689,6,1777
4004,2,1775
1350,4,965
2526,6,1777
3467,1,1776
3444,0,1781
587,3,957
2444,5,973
4436,3,979
3482,0,1783
4317,2,1784
2312,1,1776
2263,5,1786
3921,7,1787
1473,0,1793
2075,1,1787
652,2,1795
2033,7,1787
2162,0,1793
4688,6,1777
3115,0,1807
4763,2,1804
609,5,1810
1863,2,1810
2064,6,1813
1758,5,1810
2166,6,1814
4205,2,1810
613,7,1810
3853,3,1817
561,3,1817
1610,3,1817
2640,7,1817
2716,7,1817
702,0,1822
1582,4,981
1203,0,1822
3012,1,1793
4077,1,1009
2225,1,992
727,6,993
3242,3,999
940,6,1006
3342,1,975
2170,3,976
4420,5,966
2354,4,997
1082,1,991
4279,2,994
916,1,969
1988,0,997
2419,0,1000
350,1,972
3813,4,959
3092,7,991
2169,6,988
3826,6,844
1563,6,848
278,4,789
870,0,595
2305,7,712
4524,1,1823
947,4,1009
923,0,1823
34,0,1825
4606,1,1825
1985,1,1825
2437,4,1010
3577,0,1827
3842,1,1828
2690,2,1834
4728,1,1835
1362,4,1012
3824,2,1835
2600,1,1835
664,0,1832
2427,7,1010
4262,7,1012
2848,6,1013
4255,1,691
2902,6,681
4792,5,1840
1765,7,1838
4525,2,1844
2628,1,1846
401,0,1835
2712,4,1017
2937,5,1022
696,7,1019
1345,6,1020
1889,1,797
196,5,640
151,5,670
303,2,1849
2109,3,1849
4980,5,1850
3127,0,1853
4473,3,1849
2590,6,1854
1427,0,1853
2447,7,1854
3464,2,1860
1827,3,1860
1361,2,1863
4701,7,1856
373,1,1867
1899,3,1860
2737,5,1861
1858,0,1868
691,0,1879
2864,6,1856
4567,7,1885
821,6,1886
1478,6,1886
4228,5,1893
1171,2,1863
4213,3,1894
3605,2,1897
819,2,1898
4117,2,1898
4732,3,1894
3164,1,1867
4281,7,1885
1865,1,1905
846,0,1910
22,4,1024
4641,0,1910
2295,0,1920
1495,6,1921
4842,4,1043
172,6,1931
3581,6,1931
2695,7,1932
3185,3,1933
2257,6,1933
4037,7,1932
4689,2,1932
699,2,1935
803,7,1947
852,1,1947
1896,2,1946
1413,7,1947
4714,0,1950
4922,3,1954
4068,2,1950
3919,5,1937
3609,6,1938
4363,6,1955
4929,1,1947
723,2,1956
716,0,1956
3447,4,1050
3650,0,1965
2038,4,1055
3727,0,1042
3852,4,1052
1678,3,1040
4474,7,1047
966,7,1072
978,1,1071
2239,0,1037
3442,7,1057
1849,1,1049
24,1,1065
3311,4,1035
3237,7,1046
1776,2,1048
134,1,1052
431,5,1061
3246,2,1063
712,5,1025
3547,0,1968
654,6,1972
327,7,1967
974,0,1975
3885,7,1976
2218,7,1976
2824,2,1977
3080,6,1980
2492,1,1980
2317,5,1987
1671,2,1987
4875,0,1988
3551,0,1990
3485,7,1993
2705,1,1980
746,2,1991
2923,0,1994
842,6,2002
1586,3,2003
1390,1,2003
1086,2,2017
3816,6,2004
4082,0,2008
3819,3,2003
2693,5,2014
697,2,2017
74,2,2019
869,7,1993
4382,0,2020
943,0,2020
2566,7,2025
1352,3,2034
1132,7,2034
4254,5,2014
4064,7,2034
4661,0,2035
3750,6,2038
3649,0,2041
2336,4,1073
4836,0,2041
4466,3,2043
3081,3,2043
2611,6,2049
1459,6,1083
2044,1,2050
4135,4,1103
2833,6,2050
973,1,2053
1693,5,2054
4881,6,2056
3933,5,2058
4711,2,2056
3448,1,2053
1480,0,2057
657,4,1105
273,6,2056
4880,6,2056
875,1,2060
3069,6,2062
2888,2,2062
344,2,2065
3206,2,2065
4743,1,2060
546,1,2066
3801,0,2065
2083,4,1111
1208,5,2067
4069,4,1117
2922,7,1121
4192,7,1104
4537,4,1114
1206,7,1105
4795,1,1087
4497,3,1080
2577,3,1097
1932,7,2074
4013,0,2076
1565,7,2081
3391,3,2077
406,5,2080
3723,6,2082
2274,1,2070
3682,6,2084
2152,0,2091
665,7,2081
3969,0,2091
3869,2,2093
856,7,2097
4510,0,2091
2858,5,2097
1192,1,2099
2326,2,2100
1279,1,2099
848,3,2090
771,3,2102
2745,7,2106
1347,2,2100
2144,6,2108
507,4,1123
3840,6,2113
1233,0,1148
4948,0,1142
2622,7,1131
1344,1,1106
1979,6,1123
2002,6,1077
3368,3,1112
1306,7,1146
2699,3,1081
2258,2,1123
3042,4,1134
2472,3,1123
3048,0,2129
492,6,2113
951,0,2134
2451,3,2123
210,7,2137
3666,0,2139
4130,6,2116
4936,2,2132
2969,5,2140
2875,6,2122
390,2,2139
572,0,2141
1608,4,1148
2435,2,2141
3254,3,2144
1286,6,2131
4889,7,2145
655,2,2143
30,1,2148
3877,6,2150
2118,1,2148
2323,4,1155
4957,0,2151
1672,0,2151
309,3,2144
573,7,2153
3025,6,2153
1038,2,2156
233,5,2158
1084,2,2158
1880,2,2164
1969,0,2164
3137,1,2157
2,4,1162
3327,7,2160
4119,3,2164
4976,3,2164
1470,7,2164
3284,6,2169
4447,0,2169
4345,7,2169
2351,6,2172
2421,1,2177
3557,4,1171
4152,1,2177
1020,2,1172
152,6,1175
3357,3,1180
4094,5,1186
3256,1,1165
1040,3,1181
3144,5,1154
3698,1,1178
2511,1,1074
975,7,1084
2112,1,1156
1992,3,1119
4438,4,1189
3230,6,2182
4511,0,2185
3689,7,2185
2616,6,2187
4252,2,2188
4702,0,2193
4571,5,2192
2840,2,2206
2272,7,2210
4379,6,2203
3854,2,2210
3128,3,2212
517,0,2213
795,4,1190
4020,3,2212
3306,0,2219
3724,3,2212
3199,2,2210
1568,7,2210
2190,0,2219
1782,5,1193
188,4,1201
1318,6,1159
1002,3,1182
1393,0,1151
297,2,1169
1100,3,1106
2495,6,1107
2429,4,1064
1685,5,1140
4360,6,1119
1447,7,1140
4998,1,1079
4396,3,1149
1786,2,720
1311,1,2221
4358,5,2220
4725,6,2221
1062,1,2222
3203,5,2222
2694,6,2230
193,5,2237
3130,0,2219
2047,2,2233
666,1,2237
1360,0,2229
2518,7,2244
4093,2,2247
3897,6,2248
2876,4,1208
378,7,2244
2310,3,2254
2353,2,2258
867,0,2255
4744,6,2248
1378,5,2256
237,0,2259
4175,0,2259
4520,3,2260
2197,1,2261
1373,0,2266
2885,4,1213
2204,5,2256
964,7,2266
1259,2,2270
2285,7,2266
4843,7,2273
1819,2,2274
3003,6,2267
3810,6,2274
4393,5,2279
928,1,2261
3007,0,2285
4269,2,2274
3799,5,2279
2060,2,2286
2839,7,2277
3968,0,2288
4652,1,2289
4319,0,2288
3301,3,2260
2154,7,2290
3026,0,2288
2276,2,2291
4324,4,1227
780,7,2290
4851,3,2292
2919,3,2292
1830,2,1244
3714,6,1243
4261,6,1225
3360,2,1217
2022,2,1247
3654,1,1229
4467,7,1242
4708,4,1220
1577,0,1241
4151,7,1212
2177,1,1219
106,0,1225
2477,2,1252
1198,2,1238
253,0,576
4218,7,1231
1379,7,1008
1327,0,2301
711,0,2311
176,1,2295
1976,4,1253
2715,5,2293
2125,6,2300
1540,1,2303
110,3,2315
1862,0,2311
4862,5,2316
1455,6,2318
3023,2,2319
1268,0,2321
4949,1,2312
3276,6,2318
522,7,2323
1696,7,2323
2365,0,2327
4286,5,2337
3878,3,2337
2933,7,2337
1668,1,2338
4273,3,2337
1593,2,2333
4047,0,2334
1231,6,2338
1926,6,2339
2433,7,2339
2142,1,2338
1307,2,2341
1998,0,2334
4477,4,1258
48,6,2339
3982,0,2343
2093,0,2343
3375,2,2343
2731,2,2344
104,2,2346
1047,4,1273
4116,2,2358
1735,0,2359
2800,2,2361
3749,3,2359
3043,0,2361
2134,2,2362
4334,3,2373
77,0,2372
1712,7,2371
1967,6,2367
452,5,2370
1063,0,2373
1868,2,2362
651,6,2367
3872,1,2377
1908,0,2374
3755,1,2377
1144,5,2370
1281,4,1278
1066,5,1264
1860,6,1303
4413,1,1281
1661,4,1305
244,5,1303
3491,0,1297
1772,3,1291
4389,1,1267
1383,3,1288
4015,2,1294
4419,5,1258
3811,1,1277
2000,7,1268
2537,4,1295
4253,6,1292
330,5,1290
2895,3,1302
1550,4,1300
3834,5,1304
1906,7,1260
1147,6,1292
2180,2,776
568,5,1158
198,2,969
4527,7,757
1228,1,1296
1589,3,1073
1752,2,596
4759,5,613
2698,7,1126
2129,6,927
467,3,651
1051,4,725
4245,0,1148
2866,0,1014
3425,3,949
3839,5,640
3621,2,2383
4048,7,2382
1653,6,2381
419,7,2383
3673,2,2384
2251,1,2377
3653,2,2388
2627,2,2388
4450,2,2393
533,7,2385
3321,6,2383
2863,0,2394
3619,7,2392
2613,2,2395
2029,2,2403
3119,5,2398
4850,1,2378
3145,0,2402
1892,6,2392
1502,4,1307
926,0,2406
3556,5,2407
4864,2,2403
3141,7,2407
296,6,2410
3703,0,2409
1953,7,2413
582,1,2411
1520,6,2414
2508,2,2417
4990,2,2417
3065,4,1317
4163,3,2421
2547,3,2421
1018,6,1325
3898,5,1324
4066,0,1327
3618,6,1330
4670,1,1315
3781,2,1322
2135,0,2422
1253,0,2427
133,4,1331
801,7,2427
3051,1,2424
2794,2,2425
4051,0,2428
3716,0,2429
1432,1,2437
2431,0,2429
1687,7,2437
4977,4,1334
658,5,2430
2973,4,1334
4372,0,1333
980,7,1321
1911,3,1329
430,6,1343
4282,0,1345
4715,2,1331
2813,1,858
1178,3,1319
1193,7,715
564,6,1248
2077,0,738
4917,2,1323
4171,3,810
3766,6,903
4636,2,867
4521,3,1159
4027,0,1259
1058,2,1158
2730,6,818
769,7,1294
2066,7,928
414,0,2438
2722,6,2438
3088,2,2440
4149,0,2440
1774,2,2442
3389,3,2441
4801,0,2443
311,6,2440
1901,7,2441
471,6,2445
3582,0,2447
2145,7,2441
314,2,2450
3123,7,2451
3455,2,2453
3704,6,2455
3950,0,2455
2574,0,2458
815,3,2461
2862,2,2453
3789,5,2471
2818,2,2474
32,0,2461
1367,6,2456
2787,7,2476
3536,1,2482
834,1,2482
4365,3,2461
4705,7,2476
3118,4,1347
1219,2,2479
4877,7,2482
2205,2,2492
3211,6,2496
3905,2,2496
4574,6,2501
3320,0,2501
3226,4,1360
2106,7,2492
4633,2,2502
2299,3,2492
2188,0,2507
256,7,2508
4331,6,2501
4526,0,2508
1452,0,2508
2108,6,2509
2303,3,2509
3583,6,2509
3171,5,2514
2956,7,2519
4750,1,2519
2496,6,2519
3021,1,2520
3228,2,2520
2994,2,2522
2954,3,2509
1843,4,1363
4710,2,2522
3858,1,2520
4966,0,2532
194,5,2514
2072,2,2522
2750,6,2519
1179,1,1365
1382,7,2535
3918,0,2535
1214,0,2542
4237,7,2545
544,0,2546
3370,0,2546
361,2,2548
2633,7,2550
4277,3,2535
4557,4,1388
99,7,1385
1981,7,1357
1060,1,1359
4377,0,1400
1996,5,1397
3158,5,1364
1254,2,1376
482,6,1363
1503,3,1376
1048,4,1357
1445,3,1399
2277,5,1387
4807,0,1365
2556,5,1357
520,1,1359
98,2,1382
1492,6,2558
3377,1,2553
4849,1,2558
4822,0,2557
2054,4,1402
231,3,2549
3845,6,2558
824,5,2556
440,2,2548
4839,0,1409
1553,4,1408
671,3,2559
2094,0,2561
331,0,2563
1389,3,2559
2133,6,2564
2493,5,2556
108,2,2549
2589,7,2565
1346,1,2566
2563,2,2566
3712,3,2566
3416,2,2570
3889,6,2573
1949,0,2568
1793,5,2574
2402,7,2568
1948,2,2571
1256,3,2574
4126,0,2592
620,6,2587
2313,0,2592
2936,3,2574
214,0,2592
3786,2,2594
1264,3,2594
1395,7,2598
2549,7,2599
2254,2,2602
4124,3,2602
2593,2,2602
2255,0,2609
3736,1,2609
2143,4,1409
4683,1,2609
4695,7,2599
184,3,1424
2476,3,1416
4133,7,1439
4145,0,1407
4415,6,1436
2733,7,1408
3701,3,1419
1365,2,1438
4006,5,1421
4165,5,1414
1091,5,1438
2612,2,2614
1715,2,2615
679,2,2621
4572,6,2620
1900,0,2626
1907,5,2620
2804,5,2620
2068,5,2626
2636,6,2629
4364,2,2632
89,6,2629
3194,5,2636
4622,7,2637
955,0,2637
1939,3,2638
377,2,2638
2604,0,2639
2119,3,2643
283,0,2639
1199,4,1440
4449,7,2646
336,2,2648
3681,7,2647
756,6,2648
1561,6,2648
228,5,2650
3705,7,2650
2572,2,2648
2432,2,2650
3157,0,2655
1505,4,1452
2397,1,2656
1931,6,2654
508,2,2650
1532,3,2653
3904,0,2659
3480,1,2656
360,0,2659
3599,0,2660
3713,6,2662
4185,2,2662
3084,2,2671
1014,7,2667
4038,3,2665
4102,0,2670
3793,5,2669
4303,7,2671
2097,0,2683
3684,6,2684
2236,1,2686
1821,7,2671
4900,1,2686
2333,6,2686
1938,0,2689
4199,7,2682
4318,0,2689
4495,3,2673
759,2,2691
356,2,2691
285,6,2686
4805,0,2689
4470,4,1462
4635,0,2695
4050,5,2697
1738,5,2698
823,4,1479
4968,4,1482
4113,4,1482
2012,7,2702
3077,5,2703
1349,7,2702
4938,3,2710
1458,7,2717
2868,3,2710
4545,2,2719
2828,6,2723
2505,0,2727
4442,6,2723
4684,1,2724
1363,7,2721
1811,4,1485
2343,3,2724
183,5,2728
3920,0,1474
2116,0,1487
3767,1,1461
752,3,1476
3231,1,1466
2280,4,1475
247,3,1455
4681,0,1480
818,0,1499
3347,4,1475
3419,3,1496
3909,3,1480
268,2,1446
4490,0,1501
4919,0,2738
3041,2,2739
1781,3,2731
2370,4,1506
1509,1,2736
3671,6,2733
3286,3,2735
2927,5,2728
1716,0,2741
4234,2,2744
185,4,1508
282,3,2743
3995,1,2752
733,0,2756
4177,3,2749
1489,6,2742
4187,7,2749
1117,4,1513
4148,7,2757
1170,0,2756
490,3,1522
199,6,1525
126,6,1481
4274,5,1471
320,1,1447
2871,2,1496
2138,4,1435
1946,2,2758
3283,6,2761
42,2,2761
2373,6,2761
1044,2,2761
3108,3,2766
4554,7,2763
4230,4,1525
1673,6,2767
4615,3,1537
1397,0,1536
3787,2,1530
4899,2,1528
2581,7,1526
4791,6,1531
4383,2,1442
3295,1,1432
3540,4,1394
1625,5,1392
981,7,1353
967,4,1507
2805,2,2769
2578,0,2771
3726,1,2772
1797,6,2776
1504,5,2773
92,0,2776
2767,4,1537
4784,2,2781
4853,6,2776
483,0,2776
3362,7,2783
96,7,1538
2208,7,1544
112,2,1538
2151,6,1544
2815,1,1541
3561,2,1482
2891,6,1382
3515,1,1487
95,3,1525
1570,1,1486
680,0,1427
4950,6,1389
636,5,1385
2100,3,864
2045,0,1219
4431,3,1329
2735,2,2783
1655,7,2785
888,2,2786
3837,7,2787
2587,3,2793
4488,7,2789
1287,2,2786
4909,7,2795
465,2,2794
2099,1,2796
2082,0,2787
1213,5,2797
3038,6,2801
2153,7,2799
921,3,2807
3513,2,2796
4289,0,2809
1800,4,1550
3622,6,2801
4138,0,2813
3758,0,2813
3958,2,2816
1408,2,2819
4659,2,2822
2448,7,2823
3555,0,2814
3484,5,2824
1123,1,2825
135,2,2833
4336,2,2836
487,3,2807
3016,5,2844
1627,6,2828
3980,7,2823
3265,6,2844
4664,7,2844
2778,0,2829
1704,2,2836
1780,3,2822
521,0,2847
1076,3,2847
893,3,2847
571,6,2849
473,7,2853
2756,1,2854
1878,1,2854
837,0,2860
3071,0,2861
2597,0,2861
3054,2,2871
4125,2,2871
2364,7,2853
1683,2,2872
4666,4,1564
2386,2,2872
3090,5,2878
3417,5,2878
3247,4,1577
593,3,1564
1097,5,1588
141,0,1565
968,6,1582
811,7,1573
306,3,1575
4774,6,1571
3643,6,2884
3184,3,2880
3972,6,2886
2161,7,2888
4915,6,2892
1329,6,2892
3981,7,2890
4140,5,2878
3739,3,2882
167,3,2894
2110,7,2894
4232,0,2895
4184,1,2896
3139,6,2898
577,7,2898
1315,0,2902
4182,6,2900
329,5,2881
4967,0,2903
830,3,2913
1222,5,2915
2672,7,2915
66,2,2917
2368,5,2915
1446,0,2916
806,2,2920
2237,7,2923
162,1,2924
3219,2,2920
2886,3,2913
3163,1,2924
4198,6,2925
3397,4,1589
701,0,2916
1421,6,2929
3148,1,1614
3520,1,1600
3782,1,1596
4927,5,1617
2189,0,1607
4095,5,1591
1636,4,1598
2408,5,1609
989,4,1610
2042,3,1602
3150,3,1582
4674,0,1610
1290,5,1598
59,4,1591
2411,7,1607
157,7,1583
1501,4,1617
3456,5,1588
2993,5,1558
3579,7,1559
988,3,1582
3359,3,1563
4509,2,1551
4854,6,1582
565,1,1505
131,0,827
1846,0,795
4312,6,853
999,0,1350
1806,6,1319
28,7,1128
1645,7,1010
1326,5,1202
14,3,782
1353,0,2930
3260,6,2930
263,0,2932
930,6,2933
1059,6,2933
3637,4,1620
900,0,2935
3718,6,2936
2107,0,2941
2784,0,2941
2991,6,2946
3553,0,2941
2175,6,2946
1371,0,2947
1511,0,2954
918,6,2954
3135,0,2954
3964,3,2958
4384,7,2955
496,2,2965
3688,4,1622
2010,5,2957
1185,0,2962
1255,4,1632
3271,7,2966
4667,2,2970
1128,0,2973
123,1,2974
212,6,2971
2568,7,2975
226,6,2976
1528,3,2982
2854,7,2975
3181,4,1633
2783,5,2981
484,0,2973
3405,2,2987
1611,0,2990
4757,0,2990
3452,6,2983
2306,1,2991
3393,1,2991
2678,0,2992
1151,2,2993
551,2,2998
3235,7,3000
3374,3,2982
2663,6,3010
736,1,3009
260,2,2998
3596,7,3000
4012,0,3004
3721,0,3014
493,5,3015
277,3,3019
4997,2,2998
4106,1,3022
3660,2,3028
1224,0,3029
865,0,3029
755,6,3010
1578,7,3020
2378,2,3028
523,3,3019
2643,2,3035
1232,6,3042
1987,4,1643
621,7,3048
227,2,3035
3198,1,3031
3216,7,3048
3285,7,1631
1136,6,1665
1399,6,1640
796,5,1651
3744,1,1667
1710,1,1627
849,4,1665
1164,5,1657
2667,1,1639
2032,4,1655
3263,2,1648
2955,6,1655
809,3,1636
2165,1,1644
4168,7,3051
2136,3,3050
901,7,3053
872,0,3054
1388,3,3055
4794,5,3056
584,4,1667
3882,2,3052
4157,6,3060
956,7,1670
343,7,1673
3064,7,3061
4351,5,3056
2018,1,3063
4740,5,3068
1235,3,3072
4390,2,3064
3634,0,3066
2837,7,3071
791,0,3076
4107,2,3076
4543,2,3077
4898,6,3080
784,1,3083
0,0,3076
3984,2,3085
1701,5,3091
3620,3,3072
4498,1,3083
2345,6,3085
3741,4,1673
156,0,3091
1854,3,1685
4700,5,1683
1510,5,1675
2115,6,1680
1331,5,1679
3925,6,1678
150,3,1671
4804,3,1669
2103,5,1689
3212,4,1660
4233,6,1669
3335,7,3092
4512,0,3096
689,7,3098
1494,3,3100
1036,0,3104
524,2,3104
4401,7,3106
3142,1,3108
3437,0,3111
645,3,3113
1305,1,3108
2826,6,3115
3296,2,3120
421,5,3124
1923,0,3129
4682,3,3113
1515,2,3120
4134,1,3131
4996,4,1690
2619,7,3106
3638,0,3129
128,2,3131
2855,3,1704
3963,4,1702
985,4,1679
1029,4,1658
1096,7,1635
2759,7,1674
3715,7,3133
2913,7,3135
178,6,3115
3944,3,3148
2696,0,3144
292,7,3141
3672,6,3120
4161,2,3146
706,1,3131
3911,7,3155
2647,2,3155
1322,0,3158
1676,3,3148
3111,3,3158
899,4,1708
1638,7,3155
2834,1,3139
825,4,1722
2222,6,3130
2762,7,1716
3278,1,1714
4952,4,1718
4882,7,1711
1681,4,1722
2724,7,1721
672,5,1710
3562,1,1658
236,6,1652
4034,3,1708
4357,6,3163
2199,2,3164
4583,6,3163
1274,6,3169
1857,5,3167
4665,4,1723
990,1,3160
340,2,3172
4901,3,1727
603,3,1725
2259,2,1690
4825,6,1628
1135,0,3172
1129,1,3177
1165,6,3174
481,2,3178
3063,7,3181
202,2,3178
4422,5,3181
145,0,3190
1700,3,3162
4861,2,3181
1033,7,3183
4191,4,1731
4416,0,3190
2772,5,1743
1012,5,1742
1130,1,1738
3571,6,1734
3373,4,1636
1796,0,1729
2359,6,3191
1887,3,3193
1538,0,3190
384,6,3192
3999,1,3198
2673,2,3195
1777,0,3197
3641,2,3206
1469,6,3200
1767,7,3202
72,3,3208
1805,1,3198
2961,2,3206
698,4,1743
3052,5,1751
4630,4,1748
4987,6,1664
740,5,1643
46,0,1743
3493,4,1627
4122,3,1356
2320,6,734
1131,0,1027
4375,4,1250
3085,3,1250
3507,0,3221
2530,1,3220
3985,2,3215
1975,4,1761
3616,6,3210
2327,7,3212
4486,5,3213
3692,3,3208
4788,0,3221
3492,4,1764
1167,6,3218
506,2,3220
180,0,1765
3807,0,1767
708,3,1767
2367,2,1768
213,7,3220
1054,1,3222
4921,2,3223
2468,4,1769
2316,1,3223
3281,5,1772
3107,1,1769
2439,3,1245
2746,7,1605
1241,6,1777
1073,0,3225
3600,0,3231
1405,5,3230
3266,0,3231
2230,7,3232
3244,4,1777
486,6,3232
1433,4,1784
3802,0,1788
534,3,1511
2235,7,1785
4049,4,1637
1727,3,1393
2548,2,1664
3176,7,894
3901,1,1612
1702,2,635
2659,2,1777
2795,5,1688
4211,2,1682
2123,6,1616
2918,2,1466
4826,0,1450
3997,7,1073
3693,3,652
3423,5,1235
3312,6,3234
4852,0,3235
257,2,3236
1201,4,1788
660,1,3240
341,7,3235
2405,5,1795
1296,0,1793
2983,5,1790
1978,0,1790
4044,5,1789
4989,7,1793
1601,2,1120
575,2,997
1624,5,1224
2904,7,661
1853,2,1503
289,6,3241
2319,0,3242
3291,0,3243
2356,6,3245
7,7,3245
1881,2,3246
2780,2,3246
2720,6,3245
2244,2,3246
3322,5,3251
857,7,3252
1848,3,3258
388,0,3248
3856,0,3258
1746,6,3249
764,1,3261
353,6,3260
1814,0,3265
3487,2,3266
1420,6,3262
3864,7,3266
4542,2,3268
2758,7,3272
3927,3,3298
276,5,3281
3498,4,1795
629,6,3292
2209,6,3299
1648,1,3300
737,2,3268
615,0,3301
4200,2,3302
208,0,3301
1674,0,3306
4433,6,3299
4054,7,3301
2851,6,3306
4712,7,3307
2191,2,3313
510,1,3318
2623,0,3320
410,5,3325
2981,2,3327
3019,2,3327
2703,7,3326
1875,6,3328
3861,0,3320
3633,1,3318
3962,6,3330
2898,0,3341
2908,3,3345
2743,3,3345
2682,0,3341
3584,2,3352
542,1,3355
2289,4,1810
2599,1,3355
3578,7,3362
1394,7,3364
2286,7,3366
3743,4,1825
3923,1,3355
1431,7,3366
729,0,3369
2221,0,3369
4328,7,3374
1951,2,3366
2282,6,3370
3241,2,3374
2831,5,3375
245,0,3370
1462,0,3385
4315,6,3389
4065,0,3390
898,3,3391
3695,7,3374
792,1,3392
205,7,3394
4786,6,3389
4709,0,3390
2942,1,3392
2449,4,1829
1631,3,3391
2096,2,3380
3234,7,3394
4325,2,3395
3696,1,1855
1025,6,1805
1984,1,1833
56,4,1811
611,0,1830
4033,7,1808
3028,6,1832
4304,5,1820
4582,4,1828
4380,2,3398
3483,5,3399
2817,2,3400
2005,2,3405
1409,6,3389
1585,5,3407
995,0,3410
4344,2,3414
4167,2,3414
844,6,3423
87,7,3394
2124,3,3425
4469,7,3424
1229,0,3423
4514,1,3425
116,5,3420
1293,2,3418
4087,1,3427
2293,2,3425
1807,0,3427
1883,0,3432
1442,6,3428
3252,7,3435
2925,2,3438
700,1,3443
2052,0,3445
612,2,3446
2648,7,3446
1041,1,3451
3458,7,3446
2376,4,1855
4608,5,3452
4292,2,3454
550,6,3454
1882,2,3457
2520,6,3459
190,6,3459
1962,0,3445
4369,5,3452
2302,4,1875
3880,3,3460
1614,4,1882
1937,2,3465
718,6,3466
890,5,3462
3805,6,3467
4599,2,3468
2069,4,1887
218,7,3471
2823,2,3468
2363,0,3471
3987,7,1853
432,1,1838
1280,6,1814
2347,6,1886
1927,3,3473
3100,0,3474
4101,6,3479
1718,3,3473
4196,0,3482
4598,0,3482
458,7,3485
1366,3,3485
2906,2,3486
4946,6,3490
4060,7,3486
4856,1,3489
690,3,3486
4214,4,1896
3372,0,3490
2030,5,3492
2670,2,3492
2596,5,3494
395,2,3494
3524,0,3490
2394,1,3495
1808,6,3495
2721,5,3497
1736,2,3497
4876,4,1902
4913,2,3497
3325,0,3498
942,0,3502
4031,6,3504
3229,0,3505
681,1,3499
1146,5,3511
3851,3,3507
4323,3,3511
4201,4,1910
2749,2,3518
3000,7,1921
158,3,1928
4706,2,1917
1826,7,1906
590,1,1909
2425,0,1926
4271,2,1834
2687,7,1932
1599,7,1855
4935,5,1817
215,0,1894
1055,4,1803
4159,5,1869
290,2,1886
902,2,1911
2668,6,1799
3102,1,1911
1966,2,1875
1273,7,1854
3240,3,1862
497,3,1886
2634,2,1818
4969,0,1836
4974,6,1875
1755,1,1839
936,6,1808
1790,7,1891
4045,7,1884
1873,5,1847
578,3,1891
3808,3,1928
3383,6,3518
463,0,3519
1155,2,3519
4785,2,3520
3657,6,3521
4587,1,3521
570,7,3521
4874,0,3522
2025,6,3521
4618,2,3524
4888,7,3521
4930,6,3525
1983,2,3525
209,5,3511
3504,1,3521
1266,6,3528
4817,1,3531
2268,0,3532
52,0,3533
971,7,3536
1581,0,3542
3922,2,3543
2729,6,3544
1159,7,3536
2479,1,3552
1791,0,3552
3855,3,3544
57,5,3552
1500,2,3543
2649,6,3547
4385,2,3554
3875,3,3555
3632,6,3547
1257,7,3560
3143,6,3559
3469,1,3552
1835,2,3554
3624,4,1932
4203,2,3560
1282,0,3570
1454,0,3571
2541,0,3573
2741,7,3576
2020,0,3577
3040,6,3577
2063,0,3577
3863,3,3578
1182,6,3580
3217,7,3583
3756,2,3583
2504,0,3585
1816,2,3583
4994,0,3586
3539,6,3596
4628,3,3589
1019,7,3597
243,5,3596
1142,2,3599
2273,7,3598
1640,1,3602
4961,2,3599
6,3,3597
559,6,3596
1913,0,3586
3352,2,3611
164,2,3611
3924,0,3614
4454,1,3602
2970,5,3596
3009,0,3616
2591,5,3609
1733,0,3616
115,3,3620
3606,0,3626
1993,4,1953
2315,3,3620
3790,2,3625
3511,7,3625
894,5,3628
3986,6,1952
610,7,1968
103,5,1958
2216,1,1940
1744,4,1977
4703,0,1978
4508,6,1951
4624,5,1962
4528,6,3633
2531,3,3633
3667,3,3636
4103,5,3628
2395,0,3626
778,2,3637
2475,7,3637
2185,6,3633
4025,6,3637
2131,4,1982
4551,3,3640
1723,6,1936
4601,1,1952
4907,4,1947
3603,6,1978
659,3,3642
1240,5,3633
3697,1,3645
858,2,3651
4492,7,3637
3998,7,3653
2489,3,3647
2095,0,3630
1385,2,3656
4485,0,3653
3061,6,3658
1529,0,3661
2976,1,3663
1664,0,3674
804,2,3675
2669,4,1991
874,3,3675
323,2,2003
4026,0,1963
2490,4,1993
242,6,1936
829,1,1967
2088,5,3676
4493,5,3679
4568,0,3681
1656,7,3683
3307,2,3675
3210,5,3685
580,0,3685
4943,6,3658
3182,0,3689
933,2,3690
2266,6,3671
853,6,3694
2545,7,3694
1148,6,3694
4039,0,3697
2846,1,3663
1734,1,3699
4007,3,3675
424,2,3706
807,0,3700
2350,5,3701
2602,7,3694
1841,4,2004
4767,2,2012
154,6,2014
4460,2,3713
2950,0,3713
2339,2,3715
3745,0,3716
4727,6,3711
1386,3,3719
516,6,3722
885,0,3724
2921,3,3719
4014,2,3725
1230,7,3725
1616,0,3731
1707,2,3725
721,4,2022
2752,7,3725
1721,0,3736
4367,4,2029
3344,3,3738
3095,5,2027
459,7,2031
558,2,2008
2193,0,2021
2418,6,1933
3525,3,1936
3783,3,2010
4111,1,3739
3883,3,3738
2006,7,3729
622,6,3722
3809,6,3735
847,7,3736
2644,1,3740
1050,7,3736
1330,4,2038
2226,0,2049
4893,5,2047
2929,5,2042
4374,1,2049
1439,0,2046
3601,3,2003
216,3,1979
1522,1,2011
382,3,1967
774,5,1834
3973,3,1853
3563,5,3742
4818,3,3741
4362,2,3741
4118,0,3742
576,6,3745
1533,2,3746
3938,0,3750
2679,3,3745
707,6,3746
3314,5,3745
130,7,3747
3068,2,3752
4092,0,3758
1479,0,3758
4129,6,3760
2984,1,3762
1121,7,3750
761,2,3763
3221,4,2049
817,6,3765
4162,1,3762
2059,3,3768
4830,0,3774
2369,3,3775
3544,5,3776
4534,7,3779
4897,0,3788
4894,3,3791
2595,7,3779
2346,0,3792
1904,5,3795
1514,6,3768
4892,4,2065
3521,2,3796
4193,0,2070
2506,3,2057
1936,5,2052
1517,6,2064
1705,3,2064
1011,3,2067
4180,1,1913
3702,3,1830
3732,6,3800
656,1,3800
1644,2,3800
2680,2,3800
2497,6,3801
3326,2,3806
1918,7,3813
4301,7,3813
4222,6,3814
2723,2,3819
3446,6,3820
3550,1,3822
616,0,3828
2701,4,2076
63,2,3819
4451,0,3828
181,3,3791
4392,2,3833
2461,6,2079
3764,5,2079
2912,4,2078
1894,7,2082
731,0,2087
3186,5,2094
3153,5,2091
3623,5,2088
2420,6,2082
563,1,2084
3193,1,2092
4307,2,2092
1356,0,2093
4272,6,1894
4123,2,1985
1449,4,1910
2261,5,1834
3505,3,3833
1569,2,3834
822,3,3835
393,0,3838
4654,5,3840
3191,3,3835
537,2,3842
1571,3,3843
3201,7,3847
3886,0,3848
58,3,3843
4412,2,3842
3029,1,3822
2335,5,3849
735,2,3853
3422,7,3847
1940,3,3858
2182,6,3845
3757,0,3861
3975,6,3862
2816,1,3831
286,2,3858
770,3,3863
4648,2,3866
4651,0,3867
1626,2,3866
3390,7,3872
970,1,3872
312,4,2094
2539,2,2102
4059,2,2096
1242,0,3881
434,7,3872
1941,6,3883
4000,1,3872
2755,1,3877
2632,7,3883
3354,0,3884
4569,2,3881
4010,6,3889
4058,1,3883
653,5,3894
3532,2,3892
743,4,2113
1440,0,3884
137,4,2124
1320,3,3894
2318,0,3898
3440,0,3898
2442,7,3898
3776,4,2127
3608,7,3898
1679,2,3899
4483,1,2130
3530,0,2133
972,3,2119
2340,1,2110
3635,2,2117
618,3,2120
1632,4,2141
1652,6,2136
4626,7,2118
305,1,2110
2557,5,2111
443,4,2098
4638,1,1948
4663,7,1124
4823,2,3900
9,6,3904
624,7,3900
959,1,3904
3669,3,3907
2187,0,3904
1053,2,3911
4216,0,3910
4584,2,3911
299,1,3912
1961,5,3918
2081,0,3918
3651,3,3907
687,2,3912
415,4,2141
1028,6,3914
371,1,3918
3722,4,2150
1658,0,3941
4845,1,3940
4190,7,3944
4939,3,3945
4942,6,3921
3406,4,2151
1649,7,3944
4487,2,3948
2764,3,2154
2972,3,2156
3220,6,2152
4844,2,3950
4139,1,3951
2471,2,3954
3394,0,3955
3001,4,2156
4944,2,3955
1959,0,3955
206,7,3946
992,6,3959
2517,6,3959
1635,6,2146
2246,4,2144
2700,0,2144
2775,2,2155
1429,2,1286
333,2,1409
952,5,1916
2802,6,2061
1491,7,1505
55,1,3961
1080,6,3967
2528,5,3967
1914,0,3967
2387,4,2168
248,5,3967
75,0,3967
2967,5,3967
3803,3,3945
1831,4,2177
3526,3,2150
531,5,1539
3661,7,3967
2799,0,2180
1897,3,2180
596,6,1421
2283,3,1274
3884,7,3968
2974,2,3970
3655,0,3973
3680,3,3975
1211,1,3978
4970,5,3985
4109,6,3988
4210,7,3988
3272,2,3991
2761,0,3994
1910,2,3994
3035,0,3994
3706,3,3999
2173,7,3988
2897,0,3999
1724,6,3988
234,1,4012
3943,2,3994
3499,5,4016
3454,6,4025
2149,5,4016
1375,3,3999
1929,7,4015
909,6,4025
129,1,4012
2076,3,4023
3222,7,4030
1834,0,4030
3408,7,4030
2004,2,4010
3189,0,4030
3977,2,4033
4099,2,4033
3717,2,4036
4841,0,4041
3668,7,4030
2483,6,4025
4327,0,4041
4971,2,4036
1335,4,2180
588,6,4036
4776,3,4042
3380,6,4037
722,7,4036
4381,3,4046
2079,1,4044
2788,5,4053
1297,6,4039
3656,1,4053
4299,3,4057
1730,7,4050
3277,1,4056
1630,4,2206
1754,1,2209
2859,7,4061
2975,7,4064
3777,6,4066
2160,7,4069
642,2,4073
19,7,4069
1477,6,4074
2292,1,4072
2677,0,4079
4718,1,4075
1486,4,2217
2015,6,4074
891,3,4057
3971,7,4079
3966,2,4079
4620,5,4075
2662,7,2203
4251,2,2206
4029,0,2188
648,3,2227
4425,3,2218
4687,4,2222
374,2,2182
4686,0,4080
2998,2,4080
4560,3,4086
4593,7,4083
4886,4,2228
1302,2,4087
3646,2,4087
1000,3,4086
4504,7,2232
2007,7,2230
4395,0,2233
513,2,2231
2534,3,2230
4453,2,2214
1785,2,2186
4991,1,2226
2183,2,2208
4366,3,2185
326,6,2236
4405,3,2239
4781,4,2197
997,0,4088
3121,0,4088
3774,2,4088
2011,4,2239
4040,1,4092
4883,2,2242
4692,1,2244
3387,1,2241
3409,6,2252
3676,5,2249
161,1,2249
3207,1,2230
3570,3,2246
3424,6,2227
1847,3,2185
223,2,2227
2122,5,2229
2242,3,2208
3908,0,2214
2203,2,2215
2770,1,2223
895,2,4093
1112,6,4095
3196,3,4094
2403,6,4095
3367,1,4099
2062,3,4096
3806,2,4102
102,1,4099
4561,0,4099
4834,2,4102
1140,7,4103
62,3,4103
4235,6,4108
1114,0,4110
3989,7,4113
4698,6,4108
2036,1,4108
1995,0,4110
4533,2,4112
4723,0,4120
4223,5,4122
1912,1,4127
3946,3,4127
4293,5,4122
2163,4,2252
2779,0,4122
4559,3,4127
4796,3,2264
1698,3,2254
4052,3,2271
2738,1,2266
3876,4,2254
1924,5,2262
3407,3,2270
4302,1,2266
4352,6,2254
3152,2,4141
1787,2,4143
3098,6,4137
3769,7,4134
4446,0,4128
4239,2,4143
2674,7,4143
2559,2,4149
1558,6,4144
3993,0,4136
3376,0,4150
3867,2,4149
4642,0,4153
2438,7,4152
1691,6,4158
363,2,4154
2609,7,4161
4476,5,4159
4501,2,4171
3770,3,4175
2502,0,4153
2058,2,4171
2685,0,4177
220,1,4177
460,3,4175
391,4,2273
2538,7,4170
1770,6,4158
1548,1,4177
604,0,4180
4424,3,2275
1498,7,2292
4611,0,4187
4965,6,4193
3451,4,2294
1760,1,4181
682,2,2298
60,5,2296
3827,4,2295
3759,3,2278
4707,7,2284
4680,5,2288
676,3,2284
4350,6,2274
3366,5,2285
1919,5,2290
4465,0,2293
3079,6,2295
2085,0,4197
1684,1,4191
4516,0,4198
2890,2,4185
4314,2,4199
1798,7,4200
4429,5,4197
3506,0,4204
1742,6,4205
1600,1,4194
1764,0,4204
1332,2,4210
3847,2,4212
1141,7,4219
3225,1,4219
4783,3,4221
557,5,4228
773,0,4237
1070,1,4219
2220,7,4219
107,2,4212
1659,3,4221
3890,6,4205
4229,6,4243
3086,6,4243
352,3,4221
4647,0,4244
4246,2,4243
4658,0,4244
1803,7,4247
4972,2,4251
1113,2,4252
148,3,4247
4734,3,4261
3364,7,4267
4581,3,4261
2043,0,4244
2532,1,4267
836,4,2299
280,2,4252
3509,1,4267
2938,7,4267
2384,6,4243
1485,0,2309
474,3,2313
3873,3,2308
4813,7,2323
4435,0,2300
416,3,2318
1706,0,2326
2140,7,2315
2874,1,2321
485,1,2318
835,2,2326
4704,5,4273
1384,2,4283
4417,5,4276
3330,5,4280
1301,0,4283
346,0,4283
2821,4,2327
2308,0,4284
2065,7,4287
1026,5,4289
3936,3,4289
1467,6,4252
813,2,4290
2546,0,4289
1157,6,4291
307,6,4292
3106,7,4287
3647,0,4291
4691,0,4292
1212,2,4301
3590,6,4300
2928,7,4303
4283,3,4298
4104,1,4267
2441,0,4300
2238,5,4303
1964,3,4306
4440,2,4310
1952,1,4312
3663,2,4310
1739,0,4300
4062,7,4308
4141,6,4315
4330,6,4315
3836,0,4315
4414,0,4315
4499,4,2332
4461,0,4323
4558,7,2350
1606,0,2346
3435,4,2347
2101,3,2331
1312,3,2346
4866,3,2333
4546,2,2330
3248,0,2324
1006,6,4324
2186,0,4324
142,0,4324
3580,0,4330
938,6,4326
2847,4,2354
3952,0,4330
2355,1,4312
1518,0,4338
3208,2,4336
364,7,4341
2524,5,4342
3056,6,4345
1588,2,4343
4248,0,4346
1839,3,4352
4018,4,2358
4154,1,4360
2881,7,4341
4751,5,2366
878,5,2365
3899,5,2306
953,0,4363
3955,2,4350
2978,0,4363
2462,6,4350
2594,2,4369
4923,1,4372
673,4,2370
41,4,2370
3941,0,2371
787,3,2372
1162,5,2376
4046,2,2376
831,5,2376
4779,2,4374
1304,3,2378
3594,5,4376
3796,7,4377
2899,0,4374
4769,6,4375
442,7,4377
4908,2,4380
4951,4,2378
2516,6,4383
475,0,4390
2650,4,2379
3449,2,2386
2269,5,2374
4793,4,2372
3753,2,2331
1527,3,2364
479,0,2347
961,3,2368
177,4,2318
4690,7,2368
4932,7,2312
3233,0,4391
861,0,4393
101,5,4395
412,3,4396
504,3,4396
1471,6,4399
2964,0,4405
1621,1,4409
3488,7,4410
3294,4,2393
2436,1,4409
2909,7,4410
3075,6,4399
3120,2,4413
4739,3,2405
1921,2,2399
146,6,2401
4960,3,2409
1069,6,2398
777,0,2394
3934,7,2394
2586,2,2383
33,0,2404
602,2,2347
2903,0,2327
4872,0,2331
2744,6,2334
20,5,2406
428,5,4414
1994,2,4413
2769,6,4417
376,4,2410
3074,0,4405
2174,2,4419
4085,5,4420
3940,0,4412
541,6,4417
1633,2,4422
886,6,4421
2028,2,4425
4809,0,4426
3785,3,4426
1,4,2414
2512,6,4426
1731,6,4429
3678,0,2427
2290,7,2423
1244,6,4430
1935,2,4425
1886,5,4436
4802,6,4439
240,1,4440
762,0,4449
1778,2,4453
2869,3,4426
2865,7,4459
2009,2,4465
1556,3,4466
3310,4,2428
2562,5,4467
2037,3,4466
1309,2,2445
3253,6,2431
2980,1,2432
2329,2,2449
4458,7,2445
3932,0,2449
3015,2,2443
1321,7,2440
626,2,2435
2714,4,2445
958,6,2427
2167,2,2438
4356,4,2438
3049,0,2362
173,1,2331
369,0,2383
3261,7,2387
3197,5,2371
1622,3,2442
2485,4,2439
674,0,2401
1358,5,2264
3738,4,2398
1670,7,2344
816,0,1911
1824,6,2198
2777,6,2309
3251,2,1892
887,2,2262
1188,5,1655
4945,1,2180
4426,5,2014
1013,6,1724
1031,3,1954
1757,5,4468
3172,3,4467
2040,1,4470
50,6,4440
2457,5,4472
862,4,2449
2410,2,4465
4342,6,4447
4639,1,4470
4121,0,4449
3436,7,4459
3965,0,4465
840,6,4473
3369,0,4475
21,0,4475
789,1,4480
3057,7,4471
1507,0,4482
1749,1,4480
3652,3,4472
4019,5,4488
4202,2,4472
127,2,4492
4341,4,2456
1531,6,4473
2877,2,4492
143,7,4493
4660,7,4495
2443,6,4495
1043,0,4497
991,1,4494
2459,6,4499
2585,3,4504
744,0,4500
2709,7,4498
1534,4,2465
912,7,4504
649,1,2477
4268,2,2469
379,5,2460
39,5,2466
4536,0,2474
2014,7,2476
3091,0,2465
1295,0,2480
4733,2,2481
1444,3,2461
589,2,2476
2214,2,2451
4043,5,2471
1023,7,2464
4361,0,2477
2781,1,4506
2631,7,4506
4764,4,2481
279,2,4501
908,0,4510
630,2,4511
3162,1,4513
3287,0,4517
4947,6,4510
739,7,4512
917,2,4511
3828,5,4520
3751,2,4529
3662,6,4522
189,1,4513
2148,2,4532
4231,1,4533
3548,6,4529
1903,5,4520
4612,7,4530
2213,0,4523
2089,3,4504
4,2,4532
2513,0,4534
526,0,4536
4911,7,4537
1336,3,4543
1174,3,4543
1543,1,4533
910,5,4546
839,4,2483
2212,5,4546
685,7,4537
4726,1,2485
3585,1,2482
4226,1,2487
1133,0,2490
1844,5,2482
1815,5,2505
2357,6,2491
2598,3,2507
3527,6,2504
2250,0,2491
491,1,2505
775,6,2488
266,5,2501
976,6,2493
3134,1,2494
4481,6,4567
2481,2,4573
633,6,4573
383,0,4562
2260,5,4572
4858,2,4573
436,7,4559
2231,0,4575
4962,7,4575
754,4,2507
3800,0,4577
3549,6,2514
1530,4,2509
2655,2,2513
3838,5,2516
1513,2,4579
2039,6,4573
2023,5,4579
2601,1,4582
4768,0,4578
1270,3,4572
2234,0,4582
2055,7,4584
3792,6,4585
2684,2,4588
4820,6,4588
93,0,4593
4001,1,4582
1424,2,4588
407,7,4591
2031,3,4593
2412,2,4594
4240,5,4602
3949,0,4604
1249,1,4599
4343,0,4606
2360,3,4593
4775,7,4591
1874,6,4607
1081,2,4608
4920,4,2518
271,0,4606
3159,7,2526
1604,6,2541
4418,7,2544
509,1,2511
4242,6,2536
4260,6,2530
1650,3,2522
2845,4,2541
1642,5,2524
3761,5,2538
4595,2,2527
1763,4,2510
2515,6,2497
3589,2,2532
3338,2,2487
355,2,2518
1334,1,2526
1850,5,2525
2247,6,2485
4752,7,2498
2754,0,2461
1612,5,2170
4515,1,1925
251,7,4615
1794,7,4616
2245,3,4616
1813,7,4618
3087,1,4611
4322,7,4618
4787,2,4620
3,7,4622
2342,1,4617
65,7,4623
595,1,4628
4188,1,4628
2338,6,4629
1499,2,4629
2573,0,4635
591,2,4635
3378,3,4617
1115,7,4632
2789,6,4629
3471,2,4635
3385,7,4639
1837,3,4640
4267,2,4640
1972,6,4637
1339,0,4642
2137,5,4646
3339,1,4646
1576,3,4640
451,2,4654
876,6,4657
4421,0,4643
950,1,4646
4564,7,4654
3036,2,4662
1380,6,4663
4056,2,4663
3138,0,4666
2510,6,4663
119,0,4668
2480,7,4677
866,3,4659
4482,3,4680
3591,0,4683
529,7,4677
567,0,4683
3371,1,4658
4144,4,2546
2309,3,4680
2569,5,4687
1067,5,4688
1877,5,4691
4656,3,4693
2264,1,4694
2514,5,4695
4539,6,4702
4386,1,4702
2380,3,4696
1547,2,4703
3574,2,4703
1583,4,2572
1845,7,4697
3112,4,2579
3892,5,4710
3445,4,2581
160,7,4710
3870,3,4716
4529,0,4714
1482,2,4706
468,6,4702
4472,3,4718
4992,1,4702
501,6,4719
2252,1,4719
321,2,4720
4806,2,4721
1456,7,4718
238,6,4719
348,0,4726
1725,7,4731
2977,6,4728
3316,5,4731
4766,2,4724
4570,3,4718
1015,0,4726
1049,4,2582
1524,1,4719
3410,4,2569
1597,4,2560
763,2,2570
2939,4,2548
86,2,2570
3587,5,2580
4285,0,2589
399,6,2571
469,4,2563
1989,0,2558
464,5,2562
2509,2,2551
3573,0,2600
502,4,2581
4400,6,2562
4983,3,2569
1605,1,2581
1207,2,2551
1690,1,2577
3178,3,4749
505,0,4736
3788,7,4739
4403,3,4751
224,7,4741
2620,1,4747
1092,0,4739
1106,2,4750
3630,4,2604
4941,6,4742
949,2,4752
2527,1,4752
3355,6,4748
2873,7,4743
965,3,4755
3947,2,4758
1838,4,2608
781,0,4746
4089,1,4752
3775,3,4755
2013,6,4760
1885,5,4731
2656,6,2606
767,7,2592
1934,4,2607
1168,2,2572
4368,2,4762
2265,4,2615
2732,1,4762
3315,2,4762
2946,6,4765
4278,1,4764
1205,0,4769
4629,0,4769
1098,6,4765
3170,3,4773
4835,7,4776
433,5,4769
2240,4,2619
1867,3,2626
3282,6,2616
31,6,2626
2570,6,2630
1623,0,2621
1559,2,2631
4055,4,2620
4731,6,4778
982,7,4776
4847,0,4775
2626,1,4778
4956,4,2631
4373,2,4778
3173,2,4778
4902,1,4778
1124,5,2633
265,3,2613
2926,6,4787
3046,0,4795
300,4,2640
1686,0,4800
94,6,4787
3604,4,2657
1756,1,4804
4772,2,4786
1313,6,2653
3725,0,2649
2450,1,2650
2155,6,2652
2008,2,2641
3510,0,2644
354,3,2574
4462,3,2626
969,5,2586
396,5,2607
4432,1,2609
1809,0,2579
2525,0,2651
3818,6,2559
1134,0,2646
2430,0,2569
2561,1,2563
4573,0,2616
2757,0,2632
1045,6,2647
3168,7,2646
3384,5,2572
3439,7,2631
1870,7,2573
3794,1,2600
4831,7,1758
2171,3,4773
1052,0,2658
4756,2,2314
4479,2,4807
939,0,4800
2947,7,4784
3612,5,4807
3318,1,4809
4120,2,4809
4770,7,4790
3097,0,4807
488,3,4810
2734,5,4814
2291,7,4815
635,2,4816
2896,6,4822
269,7,4815
427,2,4816
883,1,4827
3215,0,4837
2241,0,4838
4505,2,4830
3443,3,4810
2224,3,4841
4613,2,4841
3533,1,4827
4885,7,4838
3486,5,4843
647,3,4841
270,6,4822
765,2,4857
4496,0,4838
2156,6,4858
1861,1,4839
204,7,4860
3239,7,4860
1745,6,4865
387,6,4865
627,2,4870
547,7,4870
1970,0,4865
4115,2,4871
1574,6,4865
3297,3,4873
2584,1,4874
1422,1,4874
670,5,4843
4491,3,4873
1864,2,4871
1398,0,4881
4549,0,4881
4857,3,4883
745,5,4883
2473,7,4870
3020,7,4883
675,1,4874
1968,3,4885
2583,0,4886
4617,6,4886
1637,4,2658
4387,4,2658
1137,5,4883
12,0,4886
165,2,4899
4088,6,4900
695,2,4907
2835,7,4896
2801,0,4897
747,6,4911
2114,1,4913
2051,2,4915
88,7,4917
3746,1,4913
3420,0,4919
2253,3,4924
3227,5,4925
4320,2,4926
1895,3,4925
929,0,4928
3843,4,2677
2806,0,4929
166,1,4919
2521,2,4926
3267,0,2686
3022,6,4945
304,6,4945
2786,6,4946
897,1,4946
1840,6,4948
979,7,4932
2491,6,4948
275,3,4925
1057,2,4949
2194,1,4946
1680,1,4949
2997,6,4951
1573,7,4934
4296,7,4951
1762,1,4957
539,2,4957
3595,7,4951
4640,0,4961
4999,6,4962
4634,0,4961
4353,7,4963
694,3,4951
601,1,4957
2298,1,4970
1403,5,4963
2071,2,4971
1414,3,4972
1204,2,4973
826,0,4973
140,0,4978
3674,6,4982
3797,5,4987
325,6,4982
1180,7,4987
1771,1,4997
2717,0,4978
2415,3,4972
1303,4,2708
4755,7,4987
4137,2,5001
3223,2,5002
730,2,5005
555,3,5007
812,3,5007
2087,2,5010
3461,0,5008
4207,2,5014
3031,6,5014
725,0,5015
2382,3,5016
3105,0,5021
3929,6,5020
4540,5,5020
882,2,5022
1740,7,5029
662,1,4997
628,2,5033
919,3,5038
4904,1,5006
3093,0,5041
4914,1,5045
3328,5,5047
4696,6,5047
2533,7,5029
2519,0,5041
2243,2,5033
1163,6,5047
2344,4,2728
3719,1,5045
2399,4,2740
225,0,2738
4091,4,2694
2962,0,2728
1688,4,2727
4507,4,2719
4643,4,2696
418,5,2750
2635,3,2669
3974,5,2702
2102,7,2695
4003,3,2712
1392,0,5050
3453,2,5051
4147,0,5057
2278,3,5038
2990,2,5058
833,7,5063
1412,0,5065
241,2,5068
1089,1,5065
4563,2,5070
3013,2,5070
881,7,5073
3914,7,5075
1822,0,5080
1587,4,2755
4221,7,5075
1319,0,5082
4669,2,5084
1436,1,2757
753,6,2762
187,3,2759
4585,0,5084
2654,3,5084
3640,2,5086
64,2,5088
3699,7,5089
1425,1,5094
911,5,5095
724,1,5094
2388,6,5097
1481,2,5088
4746,0,5101
3820,3,5104
2544,2,5107
4257,0,5103
2706,3,5104
1453,7,5094
4478,0,5108
3418,6,5097
1971,7,5094
4837,4,2766
4645,4,2766
925,2,5111
4311,7,5113
122,1,5120
54,7,5116
1851,2,5121
2651,5,5126
1291,7,5128
1196,6,5128
1109,5,5126
579,1,5120
4263,4,2778
1722,7,5128
2753,3,5126
3356,2,5121
3951,6,5128
993,7,2776
80,6,2779
2098,1,5133
3204,0,5139
398,0,5139
2050,2,5140
4241,1,5142
3479,3,5145
3625,0,5152
2413,2,5148
29,1,5146
1139,3,5145
945,2,5152
3317,0,5152
1223,4,2786
3466,6,5128
581,2,5154
915,5,2793
1592,1,2794
540,2,2800
480,0,2759
411,2,2756
1603,0,2761
776,5,2810
2460,2,2786
25,3,2780
3413,4,2739
4995,4,2753
3474,7,2693
1893,0,2807
3534,2,2704
82,7,2767
3991,2,2673
1493,3,2807
2892,0,2732
639,3,2716
741,0,2763
597,7,2773
1166,3,2741
3516,6,2800
2139,2,5155
4867,3,5170
3691,2,5157
3742,7,5165
4136,5,5163
512,0,5157
2383,4,2810
4816,2,5160
3166,0,5162
1236,2,5163
617,1,5157
1890,5,5169
3459,1,5163
4333,0,5173
2564,3,5174
1958,5,5169
3734,7,5175
1351,2,5172
27,6,5176
3027,4,2813
91,7,5175
4833,3,5174
1369,6,5176
4100,1,5171
211,5,5177
4321,1,2826
3737,2,2823
345,7,2812
734,4,2819
2325,7,2820
530,6,2820
3496,6,2819
3399,1,2815
3047,6,5181
2618,2,5179
1252,1,5184
1333,5,5187
3690,0,5189
2542,0,5189
2880,1,5184
3218,2,5192
4860,0,5192
984,6,5195
4741,2,5197
3735,3,5199
4530,6,5202
3675,1,5202
1999,3,5199
2348,7,5203
3687,7,5203
3059,0,5209
2551,4,2826
370,5,5211
457,3,2828
4937,4,2830
2657,6,2838
3050,7,2845
2987,0,5221
977,6,5218
4697,0,5223
1005,2,5225
1265,6,5219
4777,0,5223
4855,6,5224
1535,0,5230
3126,0,5230
1743,2,5236
2900,0,5232
1917,2,5236
4032,6,5234
4940,3,5215
4308,2,5236
3072,7,5241
1562,6,5241
677,6,5241
3269,4,2846
4023,3,5241
4838,3,5241
4762,1,5202
2884,6,2867
1406,3,2851
3954,2,2863
854,1,2867
109,2,2865
2287,4,2870
692,7,2862
2989,3,2850
1034,2,2873
1618,1,2856
3519,7,2873
4963,1,2868
1037,2,2849
2808,6,2841
2328,3,2803
4170,5,2751
2771,1,2841
3062,1,2755
2057,5,2782
1720,4,2746
2883,6,2675
2960,4,2707
4206,4,2854
4984,6,2746
4597,1,2853
2414,4,2775
1402,6,2688
4594,6,2745
963,3,2686
4290,0,5242
3151,0,5243
4370,4,2873
4758,7,5244
3615,1,5245
318,0,5248
239,0,5249
528,1,5251
349,7,5255
2423,4,2874
121,0,5257
4305,4,2881
1508,6,2880
2608,5,2882
1423,3,2880
2396,5,5260
2379,0,5260
738,0,5262
2046,1,5265
3857,7,5265
328,6,5256
466,4,2882
392,0,2890
221,6,2892
2192,0,2886
843,1,2886
2523,5,2883
1667,1,2885
4155,7,2879
53,1,2755
332,7,2702
4895,0,2722
3441,3,2743
4623,5,5269
4552,0,5262
2852,5,5271
1997,0,5270
1172,2,5271
2385,4,2892
4565,2,5271
18,1,5265
884,0,5273
717,1,2903
191,4,2897
136,7,2893
4448,7,2893
948,1,2895
1662,0,2893
684,0,2893
832,2,5278
2664,6,5283
2630,0,5284
1619,1,5285
4348,0,5286
1415,3,5283
175,0,5287
2747,1,5285
1920,7,5290
2704,2,5293
1430,3,5287
3002,5,5294
2765,2,5308
252,4,2903
3832,3,5315
1138,0,5316
11,2,2909
3902,5,2908
3552,0,2905
4009,0,2913
4217,5,2914
941,0,2910
4339,3,2907
4827,1,2908
4513,7,2919
896,7,2918
1775,6,2662
3468,6,2742
284,1,2755
4800,5,2738
3535,7,2854
4609,3,2876
2658,2,2903
4169,3,2842
2463,0,2813
1836,2,2679
1149,6,2905
3686,3,2672
4614,7,2798
1071,1,5317
3078,6,5319
1557,0,5318
2366,1,5317
1209,3,5317
1177,7,5290
2375,0,5321
3336,3,5320
1448,0,5321
3887,6,5319
3517,7,5298
962,1,5322
298,3,5325
3037,7,5312
2776,0,5326
2916,5,5326
4310,6,5327
1546,6,5331
1728,3,5333
2949,7,5329
3224,0,5333
3348,5,5326
4720,4,2922
3896,0,5336
68,1,5322
3592,1,5322
2708,7,5338
768,2,5308
4846,4,2943
3382,0,5336
2853,6,2929
4397,6,2937
3907,1,2935
476,4,2942
4625,6,2941
3648,1,2939
1428,5,2713
3132,0,2946
3329,2,2945
2434,4,2947
957,3,2674
4076,4,2669
4871,2,2867
3309,2,5343
2228,1,5344
1945,7,5346
2751,5,5351
4761,0,5352
1074,2,5358
1584,1,5344
403,2,5362
3426,7,5356
1343,6,5357
1980,1,5358
4219,3,5365
1016,1,5363
4671,0,5374
3891,3,5365
638,6,5370
4562,7,5366
308,5,5375
1042,0,5376
4729,1,5381
3258,7,5378
272,0,5376
4550,6,5386
4208,2,5387
1465,6,5386
1234,2,5387
3175,1,5381
1288,3,5389
1859,2,5391
394,2,5391
4359,3,5394
3414,6,5399
117,7,5402
4576,3,5394
70,0,5414
4063,0,5414
4452,7,5402
267,6,5399
3264,2,5417
255,3,5414
3113,5,5421
3707,7,5422
3076,5,5421
2372,2,5423
249,0,5426
2812,0,5426
1942,6,5427
1694,2,5428
2610,7,5422
2227,4,2947
1466,1,5428
1095,1,5428
425,3,5429
4480,0,5426
1991,6,5432
3421,3,5432
2207,0,5427
4073,6,5439
4616,2,5433
2377,3,5445
4782,2,5443
827,6,5456
1761,0,5452
4021,7,5449
3833,2,5456
4174,5,5445
2198,3,5463
2688,0,5472
1677,3,5463
4722,7,5472
3494,2,5469
1119,5,5468
1118,0,5473
4041,1,5473
4441,7,5472
1590,2,5475
4578,6,5479
3859,4,2974
3976,6,5479
3822,1,5478
1639,0,5474
2488,2,5483
5,3,5486
1795,2,5486
2791,2,5493
261,3,5494
2041,1,5508
2742,5,5509
2126,3,5509
814,2,5511
4035,0,5512
1324,1,5508
2959,7,5514
1549,2,5511
3893,0,5517
4173,6,5529
4657,7,5514
2210,0,5517
2943,5,5530
1283,3,5509
2331,2,5514
2944,1,5530
3611,4,2989
4090,6,5529
4748,1,5530
3430,3,5539
1396,2,5542
864,0,5543
4212,2,5542
400,7,5547
1596,3,5553
4503,0,5554
790,7,5547
4519,3,5553
1654,0,5556
155,0,5556
3332,2,5558
1275,4,2995
3415,6,5560
1221,0,5563
4195,2,5566
2249,1,5574
4291,0,5563
2665,6,5577
2560,2,5566
4053,0,5575
2090,5,5579
2582,4,3019
4958,5,5579
614,4,3046
4819,2,5584
4430,2,5584
2393,0,5589
2820,4,3077
1928,2,5591
1788,2,5591
139,1,5574
1183,6,5577
598,7,5593
2924,7,5595
1872,7,5595
3365,2,5591
222,4,3104
535,4,3136
1799,6,5594
4294,3,5599
2691,2,5597
1643,1,5596
996,1,5599
3960,1,5599
2710,7,5595
3629,0,5589
3939,4,3168
2603,1,5599
585,0,5599
2127,4,3168
983,0,5599
1682,0,5599
13,4,3186
3917,4,3186
3438,0,5601
1564,0,5601
1328,3,5602
3508,5,5579
1986,3,5602
2073,3,5602
79,6,5606
2952,4,3215
